[
  [
    37.0,
    36.221540552549669,
    37.107950630558946,
    37.336309405188942,
    39.824615503479755,
    42.201895692018383,
    45.276925690687087,
    48.270073544588683,
    55.758407437802596,
    63.976558206893252,
    71.470273540822546,
    68.066144300966542,
    66.121101019266163,
    65.12296062065974,
    64.132674979295857,
    55.659680200302986,
    51.894122981316485,
    50.774009099144415,
    49.040799340956916,
    49.51767361255979,
    50.219518117958877,
    51.478150704935004,
    53.488316481265329,
    56.753854494650845,
    29.154759474226502,
    26.0,
    25.179356624028344,
    24.738633753705962,
    24.698178070456937,
    27.294688127912362,
    32.202484376209235,
    38.2099463490856,
    48.270073544588683,
    63.812224534175265,
    72.917761896536561,
    27.202941017470888,
    26.476404589747453,
    60.074953183502359,
    73.109506905736964,
    53.9351462406472,
    32.572994949804659,
    77.388629655783419,
    57.140178508646613,
    45.453272709454048,
    37.483329627982627,
    77.420927403383644,
    61.294371682887821,
    50.328918128646478,
    43.174066289845804,
    39.319206502675
  ],
  [
    37.0,
    36.221540552549669,
    37.107950630558946,
    37.336309405188942,
    39.824615503479755,
    42.201895692018383,
    45.276925690687087,
    50.447993022517757,
    57.140178508646613,
    65.30696746902278,
    71.470273540822546,
    68.066144300966542,
    66.121101019266163,
    65.12296062065974,
    64.132674979295857,
    55.659680200302986,
    51.894122981316485,
    50.774009099144415,
    49.040799340956916,
    49.51767361255979,
    50.219518117958877,
    51.478150704935004,
    52.55473337388365,
    56.753854494650845,
    29.154759474226502,
    26.0,
    25.179356624028344,
    24.738633753705962,
    25.632011235952593,
    27.294688127912362,
    32.202484376209235,
    39.6232255123179,
    50.447993022517757,
    65.192024052026483,
    73.824115301167,
    27.202941017470888,
    32.557641192199412,
    65.12296062065974,
    75.1065909225016,
    48.836461788299118,
    32.572994949804659,
    77.388629655783419,
    55.758407437802596,
    43.278170016764804,
    35.383612025908263,
    76.609398901179219,
    59.0592922409336,
    48.466483264210538,
    42.201895692018383,
    38.2099463490856
  ],
  [
    38.0,
    36.221540552549669,
    37.107950630558946,
    38.626415831655933,
    39.824615503479755,
    43.011626335213137,
    46.690470119715009,
    50.447993022517757,
    57.140178508646613,
    65.30696746902278,
    73.375745311376562,
    70.213958726167832,
    67.119296778199342,
    66.121101019266163,
    66.098411478642959,
    54.405882034941776,
    52.801515129776341,
    50.774009099144415,
    50.447993022517757,
    50.24937810560445,
    51.61395160225576,
    52.354560450833695,
    53.488316481265329,
    56.753854494650845,
    28.160255680657446,
    25.0,
    24.186773244895647,
    24.738633753705962,
    25.632011235952593,
    27.294688127912362,
    33.015148038438355,
    39.6232255123179,
    50.447993022517757,
    65.192024052026483,
    75.153176912223742,
    26.248809496813376,
    32.557641192199412,
    65.12296062065974,
    76.105190361761785,
    48.836461788299118,
    32.572994949804659,
    27.313000567495326,
    59.363288318623319,
    45.453272709454048,
    38.2099463490856,
    34.409301068170507,
    62.649820430708338,
    50.328918128646478,
    44.384682042344295,
    40.311288741492746
  ],
  [
    40.0,
    38.2099463490856,
    38.078865529319543,
    39.560080889704963,
    41.182520563948,
    43.011626335213137,
    46.690470119715009,
    50.447993022517757,
    57.140178508646613,
    65.30696746902278,
    74.632432628181164,
    71.196910045310247,
    69.1158447825099,
    68.117545463705611,
    67.082039324993687,
    55.659680200302986,
    54.12947441089743,
    52.153619241621193,
    51.855568649856693,
    50.931326312987373,
    52.201532544552748,
    52.354560450833695,
    54.78138369920935,
    32.984845004941285,
    27.166155414412248,
    25.0,
    24.186773244895647,
    24.738633753705962,
    25.632011235952593,
    28.178005607210743,
    32.202484376209235,
    39.6232255123179,
    50.447993022517757,
    65.192024052026483,
    77.388629655783419,
    26.248809496813376,
    26.476404589747453,
    69.1158447825099,
    79.1580697086532,
    51.788029504896208,
    32.572994949804659,
    27.313000567495326,
    63.812224534175265,
    48.270073544588683,
    39.6232255123179,
    34.409301068170507,
    70.710678118654755,
    55.713553108736477,
    47.296934361541872,
    42.2965719651132
  ],
  [
    42.0,
    39.319206502675,
    39.05124837953327,
    39.560080889704963,
    41.182520563948,
    43.011626335213137,
    46.690470119715009,
    50.447993022517757,
    57.140178508646613,
    65.30696746902278,
    75.584389922787622,
    74.330343736592525,
    71.112586790244109,
    70.114192571832419,
    69.2314957226839,
    58.821764679410968,
    56.36488268416781,
    55.758407437802596,
    54.671747731346578,
    53.075418038862395,
    54.405882034941776,
    55.470712993434653,
    57.0087712549569,
    30.805843601498726,
    26.1725046566048,
    25.0,
    24.186773244895647,
    24.738633753705962,
    25.632011235952593,
    28.178005607210743,
    33.015148038438355,
    41.036569057366385,
    51.855568649856693,
    67.4166151627327,
    80.529497701152962,
    24.041630560342615,
    32.557641192199412,
    76.105190361761785,
    84.1486779456457,
    51.788029504896208,
    35.735136770411273,
    26.40075756488817,
    67.4166151627327,
    51.855568649856693,
    42.449970553582247,
    35.805027579936315,
    33.120990323358392,
    63.324560795950255,
    51.419840528729765,
    45.276925690687087
  ],
  [
    44.0,
    41.303752856126764,
    40.26164427839479,
    40.853396431630991,
    42.059481689626182,
    45.803929962395145,
    49.51767361255979,
    51.855568649856693,
    59.363288318623319,
    68.4470598345904,
    77.794601355106892,
    74.330343736592525,
    72.111025509279784,
    70.114192571832419,
    70.213958726167832,
    58.821764679410968,
    57.271284253105414,
    55.758407437802596,
    54.671747731346578,
    54.488530903301111,
    54.405882034941776,
    55.470712993434653,
    57.0087712549569,
    29.832867780352597,
    25.179356624028344,
    24.0,
    23.194827009486403,
    23.53720459187964,
    25.632011235952593,
    28.178005607210743,
    33.015148038438355,
    41.036569057366385,
    51.855568649856693,
    69.6419413859206,
    80.529497701152962,
    23.086792761230392,
    26.476404589747453,
    78.10249675906654,
    85.14693182963201,
    53.9351462406472,
    35.735136770411273,
    28.635642126552707,
    70.178344238091,
    54.671747731346578,
    43.863424398922618,
    37.20215047547655,
    33.120990323358392,
    67.779052811322174,
    55.542776307995261,
    48.373546489791295
  ],
  [
    50.0,
    45.276925690687087,
    43.174066289845804,
    41.785164831552358,
    43.416586692184822,
    45.803929962395145,
    48.104053883222775,
    51.855568649856693,
    56.603886792339623,
    65.30696746902278,
    74.632432628181164,
    75.312681535050928,
    72.111025509279784,
    72.111025509279784,
    71.196910045310247,
    60.728905802755904,
    58.600341295934449,
    57.140178508646613,
    55.443665102516448,
    55.172456896534889,
    56.612719418872643,
    56.824290580701486,
    59.236812878479547,
    30.805843601498726,
    26.1725046566048,
    25.0,
    24.186773244895647,
    24.738633753705962,
    26.570660511172846,
    28.178005607210743,
    33.015148038438355,
    41.036569057366385,
    51.855568649856693,
    67.4166151627327,
    82.764726786234249,
    23.086792761230392,
    26.476404589747453,
    71.112586790244109,
    88.141930997681229,
    58.051701094799967,
    38.897300677553446,
    30.870698080866262,
    26.076809620810597,
    65.299310869258036,
    53.075418038862395,
    43.011626335213137,
    36.235341863986875,
    33.241540277189323,
    69.123078635141823,
    57.428216061444921
  ],
  [
    53.0,
    47.381430961928537,
    43.174066289845804,
    41.785164831552358,
    42.059481689626182,
    44.407206622349037,
    46.690470119715009,
    50.447993022517757,
    54.378304497290095,
    63.071388124885914,
    71.470273540822546,
    75.312681535050928,
    73.109506905736964,
    72.111025509279784,
    71.196910045310247,
    71.470273540822546,
    59.506302187247357,
    57.982756057296896,
    56.850681614207581,
    56.586217403180434,
    56.612719418872643,
    58.180752831155424,
    59.236812878479547,
    33.955853692699293,
    28.160255680657446,
    27.0,
    25.179356624028344,
    25.709920264364882,
    26.570660511172846,
    29.5296461204668,
    33.015148038438355,
    41.036569057366385,
    51.855568649856693,
    65.192024052026483,
    83.6719785830358,
    23.086792761230392,
    26.476404589747453,
    63.126856408346519,
    89.1403387922662,
    64.132674979295857,
    42.059481689626182,
    30.870698080866262,
    24.698178070456937,
    78.10249675906654,
    58.728187440104094,
    46.61544808322666,
    38.470768123342687,
    34.176014981270121,
    32.015621187164243,
    60.406953242155822
  ],
  [
    58.0,
    50.358713248056688,
    45.354161881794269,
    43.08131845707603,
    42.059481689626182,
    44.407206622349037,
    46.690470119715009,
    49.040799340956916,
    52.153619241621193,
    58.600341295934449,
    67.357256476195644,
    75.312681535050928,
    74.108029254595621,
    72.111025509279784,
    72.180329730474355,
    72.422372233999624,
    60.415229867972862,
    59.363288318623319,
    56.850681614207581,
    56.586217403180434,
    56.612719418872643,
    56.824290580701486,
    59.236812878479547,
    39.05124837953327,
    29.154759474226502,
    27.0,
    26.1725046566048,
    25.709920264364882,
    26.570660511172846,
    28.178005607210743,
    32.202484376209235,
    38.2099463490856,
    45.453272709454048,
    57.140178508646613,
    75.153176912223742,
    24.041630560342615,
    23.345235059857504,
    40.049968789001575,
    85.14693182963201,
    88.459030064770658,
    51.546095875439491,
    35.341194094144583,
    26.076809620810597,
    24.207436873820409,
    64.381674411279491,
    50.219518117958877,
    42.059481689626182,
    35.4682957019364,
    32.015621187164243,
    68.46897107449476
  ],
  [
    72.0,
    60.406953242155822,
    51.419840528729765,
    46.238512086787566,
    43.416586692184822,
    42.201895692018383,
    43.863424398922618,
    45.453272709454048,
    48.548944375753422,
    50.566787519082126,
    55.659680200302986,
    64.132674979295857,
    74.108029254595621,
    74.108029254595621,
    73.16419889536138,
    74.632432628181164,
    75.153176912223742,
    60.207972893961475,
    59.665735560705194,
    58.728187440104094,
    56.612719418872643,
    55.470712993434653,
    57.0087712549569,
    56.753854494650845,
    59.413803110051795,
    32.0,
    29.154759474226502,
    27.658633371878661,
    26.570660511172846,
    27.294688127912362,
    29.410882339705484,
    31.144823004794873,
    37.643060449437421,
    44.10215414239989,
    56.36488268416781,
    71.470273540822546,
    24.331050121192877,
    25.019992006393608,
    37.054014627297811,
    77.278716345446625,
    89.1852005660132,
    54.12947441089743,
    33.286633954186478,
    25.612496949731394,
    82.073138114732771,
    60.21627686929839,
    47.885279575251516,
    39.560080889704963,
    33.955853692699293,
    31.256999216175569
  ],
  [
    32.0,
    33.241540277189323,
    60.876925020897694,
    51.623637996561229,
    45.650848842053307,
    42.201895692018383,
    42.449970553582247,
    42.638011210655684,
    44.10215414239989,
    46.518813398452032,
    49.33558553417604,
    53.9351462406472,
    63.126856408346519,
    74.108029254595621,
    73.16419889536138,
    74.632432628181164,
    76.05918747922567,
    78.230428862431779,
    67.475921631349351,
    58.728187440104094,
    57.201398584300364,
    55.470712993434653,
    53.488316481265329,
    54.571054598569013,
    54.3323108288245,
    55.0,
    32.2490309931942,
    29.832867780352597,
    27.856776554368238,
    27.294688127912362,
    28.600699292150182,
    29.0,
    31.240998703626616,
    35.510561809129406,
    42.047592083257278,
    51.546095875439491,
    62.968245965724662,
    80.156097709406993,
    23.021728866442675,
    30.4138126514911,
    57.56735185849702,
    87.235313950257549,
    65.192024052026483,
    37.643060449437421,
    26.1725046566048,
    24.413111231467404,
    67.119296778199342,
    52.55473337388365,
    42.201895692018383,
    35.227829907617071
  ],
  [
    33.0,
    31.256999216175569,
    68.154236845554948,
    57.0087712549569,
    47.885279575251516,
    44.407206622349037,
    42.449970553582247,
    41.231056256176608,
    42.720018726587654,
    44.283179650969061,
    47.127486671792717,
    49.8196748283246,
    56.080299571239813,
    67.119296778199342,
    73.16419889536138,
    73.375745311376562,
    75.153176912223742,
    78.230428862431779,
    75.286120898874842,
    60.141499815019579,
    59.405386961116584,
    56.824290580701486,
    54.78138369920935,
    54.571054598569013,
    55.443665102516448,
    55.0,
    58.420886675914119,
    32.015621187164243,
    29.154759474226502,
    28.178005607210743,
    28.600699292150182,
    29.0,
    31.240998703626616,
    34.132096331752024,
    39.812058474788763,
    45.221676218380054,
    55.901699437494742,
    69.1158447825099,
    25.019992006393608,
    27.459060435491963,
    40.80441152620633,
    78.294316524253531,
    87.664131775772461,
    48.270073544588683,
    28.319604517012593,
    24.413111231467404,
    81.884064383737083,
    60.166435825965294,
    47.296934361541872,
    38.2099463490856
  ],
  [
    34.0,
    31.256999216175569,
    34.928498393145958,
    57.0087712549569,
    49.244289008980523,
    44.407206622349037,
    42.449970553582247,
    42.638011210655684,
    43.56604182158393,
    45.188494110780013,
    48.383881613611777,
    49.8196748283246,
    57.078892771321343,
    68.117545463705611,
    73.16419889536138,
    73.375745311376562,
    75.153176912223742,
    78.230428862431779,
    75.286120898874842,
    61.554853586049575,
    59.405386961116584,
    56.824290580701486,
    55.713553108736477,
    55.542776307995261,
    55.443665102516448,
    56.0,
    33.241540277189323,
    30.805843601498726,
    29.154759474226502,
    28.178005607210743,
    28.600699292150182,
    29.0,
    31.240998703626616,
    34.132096331752024,
    39.812058474788763,
    46.173585522460783,
    55.901699437494742,
    71.112586790244109,
    24.020824298928627,
    25.317977802344327,
    40.80441152620633,
    76.05918747922567,
    87.664131775772461,
    51.855568649856693,
    31.144823004794873,
    23.600847442411894,
    83.240615086627031,
    61.098281481560512,
    49.477267507411923,
    40.311288741492746
  ],
  [
    55.0,
    47.381430961928537,
    43.174066289845804,
    40.853396431630991,
    39.824615503479755,
    39.408120990476064,
    41.036569057366385,
    43.278170016764804,
    47.169905660283021,
    50.566787519082126,
    57.56735185849702,
    67.082039324993687,
    76.105190361761785,
    75.1065909225016,
    74.330343736592525,
    74.632432628181164,
    75.153176912223742,
    59.363288318623319,
    58.258046654518033,
    55.172456896534889,
    54.405882034941776,
    52.354560450833695,
    53.488316481265329,
    53.600373133029585,
    55.443665102516448,
    31.0,
    28.160255680657446,
    26.683328128252668,
    26.570660511172846,
    27.294688127912362,
    29.410882339705484,
    32.557641192199412,
    37.643060449437421,
    44.10215414239989,
    56.36488268416781,
    71.470273540822546,
    24.331050121192877,
    28.0178514522438,
    41.048751503547585,
    83.3606621854697,
    84.118963379252364,
    42.047592083257278,
    27.459060435491963,
    25.612496949731394,
    79.2464510246358,
    56.612719418872643,
    44.294469180700204,
    36.400549446402593,
    32.984845004941285,
    66.483080554378645
  ],
  [
    54.0,
    47.381430961928537,
    42.201895692018383,
    40.853396431630991,
    39.824615503479755,
    40.80441152620633,
    42.449970553582247,
    44.045431091090478,
    47.169905660283021,
    51.894122981316485,
    58.821764679410968,
    69.2314957226839,
    75.1065909225016,
    74.108029254595621,
    74.330343736592525,
    74.632432628181164,
    75.153176912223742,
    59.363288318623319,
    56.850681614207581,
    55.172456896534889,
    53.009433122794285,
    52.354560450833695,
    53.488316481265329,
    53.600373133029585,
    55.443665102516448,
    31.0,
    28.160255680657446,
    27.658633371878661,
    26.570660511172846,
    27.294688127912362,
    29.410882339705484,
    32.557641192199412,
    37.643060449437421,
    46.324939287601879,
    57.271284253105414,
    74.632432628181164,
    24.331050121192877,
    30.016662039607269,
    44.045431091090478,
    84.344531535838172,
    84.118963379252364,
    42.047592083257278,
    27.459060435491963,
    25.612496949731394,
    75.690157880665041,
    55.21775076911409,
    43.416586692184822,
    36.400549446402593,
    30.805843601498726,
    64.4980619863884
  ],
  [
    50.0,
    45.276925690687087,
    41.231056256176608,
    39.560080889704963,
    39.824615503479755,
    40.80441152620633,
    42.449970553582247,
    45.453272709454048,
    48.548944375753422,
    54.12947441089743,
    61.032778078668514,
    74.330343736592525,
    75.1065909225016,
    74.108029254595621,
    74.330343736592525,
    74.632432628181164,
    68.4470598345904,
    57.982756057296896,
    56.080299571239813,
    54.488530903301111,
    53.009433122794285,
    53.712196007983138,
    52.55473337388365,
    53.600373133029585,
    33.241540277189323,
    28.0,
    27.166155414412248,
    25.709920264364882,
    26.570660511172846,
    27.294688127912362,
    29.410882339705484,
    33.97057550292606,
    40.459856648287818,
    48.548944375753422,
    61.741396161732524,
    79.6994353806851,
    23.345235059857504,
    31.064449134018133,
    59.076221950967721,
    84.344531535838172,
    58.821764679410968,
    35.341194094144583,
    26.076809620810597,
    25.612496949731394,
    65.79513659838392,
    50.219518117958877,
    41.182520563948,
    34.176014981270121,
    30.805843601498726,
    58.420886675914119
  ],
  [
    47.0,
    43.289721643826724,
    40.26164427839479,
    39.560080889704963,
    39.824615503479755,
    42.201895692018383,
    43.863424398922618,
    46.861498055439924,
    50.774009099144415,
    56.36488268416781,
    65.145989899609319,
    77.278716345446625,
    75.1065909225016,
    74.108029254595621,
    73.16419889536138,
    73.375745311376562,
    58.600341295934449,
    57.140178508646613,
    55.443665102516448,
    54.488530903301111,
    53.009433122794285,
    53.712196007983138,
    53.488316481265329,
    55.542776307995261,
    29.154759474226502,
    27.0,
    26.1725046566048,
    25.709920264364882,
    26.570660511172846,
    28.178005607210743,
    30.805843601498726,
    35.383612025908263,
    43.278170016764804,
    54.378304497290095,
    68.4470598345904,
    24.041630560342615,
    25.317977802344327,
    43.046486500061768,
    78.10249675906654,
    84.344531535838172,
    45.221676218380054,
    30.870698080866262,
    24.698178070456937,
    80.2807573457052,
    57.3149195236284,
    46.61544808322666,
    37.589892258425,
    33.241540277189323,
    32.015621187164243,
    54.3323108288245
  ],
  [
    45.0,
    41.303752856126764,
    39.05124837953327,
    38.626415831655933,
    39.824615503479755,
    40.80441152620633,
    43.863424398922618,
    46.861498055439924,
    52.153619241621193,
    58.600341295934449,
    67.357256476195644,
    76.2954782408499,
    74.108029254595621,
    73.109506905736964,
    72.180329730474355,
    72.422372233999624,
    57.271284253105414,
    55.758407437802596,
    54.671747731346578,
    53.075418038862395,
    52.201532544552748,
    53.712196007983138,
    52.55473337388365,
    54.571054598569013,
    29.154759474226502,
    27.0,
    26.1725046566048,
    25.709920264364882,
    26.570660511172846,
    28.178005607210743,
    32.202484376209235,
    37.483329627982627,
    43.278170016764804,
    55.758407437802596,
    72.917761896536561,
    24.041630560342615,
    26.476404589747453,
    47.095647357266465,
    84.1486779456457,
    74.330343736592525,
    42.059481689626182,
    28.635642126552707,
    24.698178070456937,
    72.47068372797375,
    53.075418038862395,
    43.011626335213137,
    36.235341863986875,
    31.016124838541646,
    58.694122363316758,
    50.358713248056688
  ],
  [
    39.0,
    38.2099463490856,
    37.107950630558946,
    37.336309405188942,
    39.824615503479755,
    42.201895692018383,
    45.276925690687087,
    48.270073544588683,
    54.378304497290095,
    63.071388124885914,
    74.632432628181164,
    75.312681535050928,
    73.109506905736964,
    72.111025509279784,
    71.196910045310247,
    64.195015382816138,
    55.036351623268054,
    53.0,
    51.855568649856693,
    50.24937810560445,
    50.219518117958877,
    51.478150704935004,
    51.623637996561229,
    52.630789467763066,
    28.160255680657446,
    26.0,
    25.179356624028344,
    25.709920264364882,
    26.570660511172846,
    29.5296461204668,
    33.015148038438355,
    39.6232255123179,
    50.447993022517757,
    63.812224534175265,
    77.388629655783419,
    24.041630560342615,
    37.656340767525464,
    75.1065909225016,
    81.154174261093928,
    48.836461788299118,
    32.572994949804659,
    25.495097567963924,
    70.178344238091,
    53.2634959423431,
    42.449970553582247,
    35.805027579936315,
    67.119296778199342,
    53.488316481265329,
    46.324939287601879,
    42.2965719651132
  ],
  [
    38.0,
    37.215588131856791,
    37.107950630558946,
    38.626415831655933,
    39.824615503479755,
    43.011626335213137,
    46.690470119715009,
    50.447993022517757,
    55.758407437802596,
    65.30696746902278,
    76.53757247260981,
    73.16419889536138,
    71.112586790244109,
    70.114192571832419,
    69.2314957226839,
    55.659680200302986,
    54.12947441089743,
    52.153619241621193,
    50.447993022517757,
    49.51767361255979,
    50.219518117958877,
    50.119856344566671,
    50.328918128646478,
    52.630789467763066,
    27.166155414412248,
    25.0,
    24.186773244895647,
    24.738633753705962,
    26.570660511172846,
    29.5296461204668,
    34.409301068170507,
    41.036569057366385,
    53.2634959423431,
    69.6419413859206,
    26.40075756488817,
    24.041630560342615,
    42.7551166528639,
    80.156097709406993,
    66.121101019266163,
    42.7551166528639,
    29.410882339705484,
    27.313000567495326,
    63.812224534175265,
    48.270073544588683,
    39.6232255123179,
    33.015148038438355,
    59.0592922409336,
    49.396356140913873,
    43.174066289845804,
    40.311288741492746
  ],
  [
    38.0,
    37.215588131856791,
    38.078865529319543,
    38.626415831655933,
    41.182520563948,
    44.407206622349037,
    48.104053883222775,
    51.855568649856693,
    59.363288318623319,
    70.682388188289167,
    73.375745311376562,
    71.196910045310247,
    69.1158447825099,
    68.117545463705611,
    67.082039324993687,
    53.450912059571067,
    51.894122981316485,
    50.774009099144415,
    49.040799340956916,
    48.104053883222775,
    49.4064773081425,
    49.244289008980523,
    50.328918128646478,
    29.832867780352597,
    25.179356624028344,
    23.0,
    23.194827009486403,
    23.53720459187964,
    25.632011235952593,
    28.178005607210743,
    34.409301068170507,
    42.449970553582247,
    54.671747731346578,
    70.178344238091,
    26.40075756488817,
    24.041630560342615,
    53.9351462406472,
    80.156097709406993,
    61.073725938409879,
    38.639358172723313,
    29.410882339705484,
    79.624116949577527,
    57.140178508646613,
    45.453272709454048,
    38.2099463490856,
    67.424031324150292,
    54.589376255824725,
    47.169905660283021,
    42.201895692018383,
    39.319206502675
  ],
  [
    36.0,
    36.221540552549669,
    38.078865529319543,
    39.560080889704963,
    42.059481689626182,
    45.803929962395145,
    49.51767361255979,
    54.671747731346578,
    63.812224534175265,
    75.153176912223742,
    71.470273540822546,
    68.066144300966542,
    67.119296778199342,
    66.121101019266163,
    58.051701094799967,
    52.497618993626752,
    50.566787519082126,
    49.396356140913873,
    48.270073544588683,
    48.104053883222775,
    49.4064773081425,
    49.244289008980523,
    51.623637996561229,
    26.683328128252668,
    23.194827009486403,
    23.0,
    23.194827009486403,
    24.738633753705962,
    26.570660511172846,
    31.76476034853718,
    38.013155617496423,
    50.24937810560445,
    64.660652641308843,
    73.246160308919954,
    23.259406699226016,
    32.572994949804659,
    69.2314957226839,
    76.105190361761785,
    47.095647357266465,
    32.557641192199412,
    26.248809496813376,
    63.071388124885914,
    48.548944375753422,
    39.05124837953327,
    33.97057550292606,
    55.21775076911409,
    47.885279575251516,
    43.08131845707603,
    39.05124837953327,
    37.215588131856791
  ],
  [
    36.0,
    36.221540552549669,
    38.078865529319543,
    39.560080889704963,
    43.416586692184822,
    46.61544808322666,
    52.3450093132096,
    59.665735560705194,
    67.4166151627327,
    70.682388188289167,
    67.357256476195644,
    65.115282384398824,
    64.1248781675256,
    63.126856408346519,
    52.773099207835045,
    50.289163842720633,
    49.658836071740545,
    48.548944375753422,
    48.270073544588683,
    48.104053883222775,
    49.4064773081425,
    49.244289008980523,
    52.55473337388365,
    26.683328128252668,
    23.194827009486403,
    23.0,
    24.186773244895647,
    25.709920264364882,
    30.083217912982647,
    36.235341863986875,
    45.803929962395145,
    57.3149195236284,
    70.292247083159893,
    23.323807579381203,
    23.259406699226016,
    55.659680200302986,
    74.330343736592525,
    54.083269131959838,
    39.05124837953327,
    30.4138126514911,
    71.470273540822546,
    51.894122981316485,
    41.340053217188775,
    36.235341863986875,
    57.3149195236284,
    48.010415536631214,
    43.416586692184822,
    38.626415831655933,
    37.107950630558946,
    35.227829907617071
  ],
  [
    36.0,
    37.215588131856791,
    39.05124837953327,
    40.853396431630991,
    43.416586692184822,
    48.010415536631214,
    53.075418038862395,
    61.073725938409879,
    70.178344238091,
    69.354163537598808,
    66.098411478642959,
    64.132674979295857,
    63.126856408346519,
    63.126856408346519,
    50.803543183522152,
    49.33558553417604,
    48.332183894378289,
    47.169905660283021,
    46.861498055439924,
    48.104053883222775,
    49.4064773081425,
    49.244289008980523,
    53.488316481265329,
    23.53720459187964,
    22.090722034374522,
    22.0,
    23.194827009486403,
    25.709920264364882,
    30.083217912982647,
    36.235341863986875,
    45.803929962395145,
    58.728187440104094,
    70.292247083159893,
    22.472205054244231,
    21.931712199461309,
    61.032778078668514,
    72.180329730474355,
    52.086466572421671,
    38.052595180880893,
    30.4138126514911,
    64.195015382816138,
    49.658836071740545,
    41.340053217188775,
    70.292247083159893,
    54.488530903301111,
    46.61544808322666,
    42.059481689626182,
    38.626415831655933,
    37.107950630558946,
    36.221540552549669
  ],
  [
    36.0,
    37.215588131856791,
    39.05124837953327,
    41.785164831552358,
    44.294469180700204,
    48.010415536631214,
    54.488530903301111,
    62.481997407253232,
    70.178344238091,
    68.4470598345904,
    65.145989899609319,
    62.968245965724662,
    62.072538211353979,
    62.072538211353979,
    49.8196748283246,
    49.33558553417604,
    48.332183894378289,
    47.169905660283021,
    48.270073544588683,
    48.104053883222775,
    49.4064773081425,
    51.478150704935004,
    54.78138369920935,
    23.53720459187964,
    22.090722034374522,
    23.0,
    24.186773244895647,
    26.683328128252668,
    31.016124838541646,
    38.470768123342687,
    48.010415536631214,
    62.968245965724662,
    70.292247083159893,
    22.472205054244231,
    23.259406699226016,
    64.195015382816138,
    72.180329730474355,
    46.043457732885351,
    36.055512754639892,
    28.442925306655784,
    61.032778078668514,
    46.518813398452032,
    39.11521443121589,
    65.299310869258036,
    52.3450093132096,
    45.803929962395145,
    41.182520563948,
    37.336309405188942,
    36.138621999185304,
    35.227829907617071
  ],
  [
    36.0,
    37.215588131856791,
    39.05124837953327,
    41.785164831552358,
    44.294469180700204,
    48.010415536631214,
    54.488530903301111,
    62.481997407253232,
    71.021123618258812,
    68.4470598345904,
    65.145989899609319,
    62.968245965724662,
    62.072538211353979,
    61.073725938409879,
    49.8196748283246,
    48.383881613611777,
    47.4236228055175,
    47.169905660283021,
    46.861498055439924,
    48.104053883222775,
    49.4064773081425,
    50.119856344566671,
    27.856776554368238,
    23.53720459187964,
    22.090722034374522,
    22.0,
    23.194827009486403,
    26.683328128252668,
    31.016124838541646,
    37.589892258425,
    48.010415536631214,
    61.554853586049575,
    70.292247083159893,
    22.472205054244231,
    23.259406699226016,
    64.195015382816138,
    71.196910045310247,
    46.043457732885351,
    36.055512754639892,
    28.442925306655784,
    61.032778078668514,
    46.518813398452032,
    39.11521443121589,
    65.299310869258036,
    52.3450093132096,
    45.803929962395145,
    41.182520563948,
    37.336309405188942,
    36.138621999185304,
    35.227829907617071
  ],
  [
    40.0,
    38.2099463490856,
    36.138621999185304,
    35.4682957019364,
    36.235341863986875,
    38.013155617496423,
    39.6232255123179,
    43.278170016764804,
    47.169905660283021,
    54.12947441089743,
    64.195015382816138,
    73.16419889536138,
    72.111025509279784,
    71.112586790244109,
    71.196910045310247,
    72.422372233999624,
    61.741396161732524,
    54.378304497290095,
    53.2634959423431,
    50.931326312987373,
    49.4064773081425,
    49.244289008980523,
    50.328918128646478,
    50.447993022517757,
    51.35172830587107,
    54.0,
    28.160255680657446,
    24.738633753705962,
    24.698178070456937,
    25.059928172283335,
    27.202941017470888,
    31.144823004794873,
    37.643060449437421,
    46.324939287601879,
    58.600341295934449,
    75.584389922787622,
    25.317977802344327,
    29.017236257093817,
    56.080299571239813,
    78.262379212492633,
    55.659680200302986,
    37.576588456111871,
    28.301943396169811,
    76.694197955256044,
    54.488530903301111,
    43.011626335213137,
    77.414468931847622,
    61.098281481560512,
    50.447993022517757,
    44.283179650969061
  ],
  [
    41.0,
    38.2099463490856,
    36.138621999185304,
    35.4682957019364,
    36.235341863986875,
    37.20215047547655,
    39.6232255123179,
    42.638011210655684,
    44.944410108488462,
    49.658836071740545,
    59.774576535513823,
    72.180329730474355,
    71.112586790244109,
    71.112586790244109,
    71.196910045310247,
    72.422372233999624,
    65.30696746902278,
    54.378304497290095,
    51.855568649856693,
    50.931326312987373,
    50.219518117958877,
    49.244289008980523,
    49.396356140913873,
    49.477267507411923,
    50.358713248056688,
    53.0,
    29.154759474226502,
    24.738633753705962,
    24.698178070456937,
    25.059928172283335,
    25.80697580112788,
    28.319604517012593,
    32.649655434629018,
    41.340053217188775,
    51.894122981316485,
    67.357256476195644,
    31.400636936215164,
    25.019992006393608,
    36.055512754639892,
    76.2954782408499,
    77.794601355106892,
    42.047592083257278,
    31.906112267087632,
    81.688432473637292,
    61.554853586049575,
    46.61544808322666,
    38.470768123342687,
    69.6419413859206,
    53.600373133029585,
    45.276925690687087
  ],
  [
    46.0,
    41.303752856126764,
    38.078865529319543,
    36.400549446402593,
    36.235341863986875,
    37.20215047547655,
    38.2099463490856,
    40.459856648287818,
    43.56604182158393,
    46.518813398452032,
    54.405882034941776,
    67.082039324993687,
    72.111025509279784,
    71.112586790244109,
    72.180329730474355,
    73.375745311376562,
    75.153176912223742,
    59.363288318623319,
    54.671747731346578,
    53.075418038862395,
    51.61395160225576,
    50.119856344566671,
    49.396356140913873,
    50.447993022517757,
    50.358713248056688,
    52.0,
    31.256999216175569,
    27.658633371878661,
    24.698178070456937,
    25.059928172283335,
    25.80697580112788,
    27.586228448267445,
    31.240998703626616,
    37.735924528226413,
    44.283179650969061,
    58.821764679410968,
    75.312681535050928,
    26.019223662515376,
    25.019992006393608,
    56.885850613311568,
    79.6994353806851,
    56.36488268416781,
    37.735924528226413,
    28.42534080710379,
    79.2464510246358,
    56.612719418872643,
    44.294469180700204,
    36.400549446402593,
    66.940271884718243,
    52.3450093132096
  ],
  [
    63.0,
    52.3450093132096,
    45.354161881794269,
    40.853396431630991,
    38.470768123342687,
    37.20215047547655,
    37.483329627982627,
    39.05124837953327,
    41.340053217188775,
    44.283179650969061,
    48.383881613611777,
    53.9351462406472,
    68.117545463705611,
    71.112586790244109,
    71.196910045310247,
    73.375745311376562,
    76.05918747922567,
    72.401657439591816,
    61.073725938409879,
    55.172456896534889,
    54.405882034941776,
    52.354560450833695,
    51.623637996561229,
    50.447993022517757,
    51.35172830587107,
    52.0,
    52.3450093132096,
    32.015621187164243,
    27.856776554368238,
    26.419689627245813,
    25.80697580112788,
    26.1725046566048,
    28.42534080710379,
    31.906112267087632,
    37.576588456111871,
    45.221676218380054,
    58.051701094799967,
    76.105190361761785,
    31.064449134018133,
    25.317977802344327,
    43.965895873961216,
    80.529497701152962,
    70.178344238091,
    40.459856648287818,
    28.319604517012593,
    83.006023877788536,
    63.529520697074361,
    49.396356140913873,
    39.05124837953327,
    34.23448553724738
  ],
  [
    73.0,
    58.420886675914119,
    48.507731342539614,
    43.08131845707603,
    39.824615503479755,
    38.013155617496423,
    37.483329627982627,
    38.418745424597091,
    41.340053217188775,
    42.953463189829058,
    46.173585522460783,
    50.803543183522152,
    62.072538211353979,
    70.114192571832419,
    70.213958726167832,
    72.422372233999624,
    75.153176912223742,
    78.230428862431779,
    65.299310869258036,
    56.586217403180434,
    54.405882034941776,
    53.712196007983138,
    51.623637996561229,
    51.419840528729765,
    51.35172830587107,
    52.0,
    52.3450093132096,
    54.571054598569013,
    29.154759474226502,
    26.419689627245813,
    25.80697580112788,
    26.1725046566048,
    28.42534080710379,
    29.681644159311659,
    35.341194094144583,
    42.059481689626182,
    52.773099207835045,
    66.121101019266163,
    79.1580697086532,
    26.476404589747453,
    31.32091952673165,
    71.589105316381762,
    82.680106434377549,
    51.855568649856693,
    31.144823004794873,
    28.600699292150182,
    79.649231006959511,
    55.713553108736477,
    43.174066289845804,
    36.221540552549669
  ],
  [
    35.0,
    71.568149340331559,
    56.753854494650845,
    48.466483264210538,
    43.416586692184822,
    39.408120990476064,
    38.2099463490856,
    38.418745424597091,
    39.962482405376171,
    41.6293165929973,
    45.221676218380054,
    47.675989764240867,
    55.081757415681643,
    69.1158447825099,
    70.213958726167832,
    71.470273540822546,
    75.153176912223742,
    78.230428862431779,
    72.47068372797375,
    61.554853586049575,
    56.612719418872643,
    55.470712993434653,
    53.488316481265329,
    52.630789467763066,
    52.3450093132096,
    53.0,
    53.338541412378348,
    54.571054598569013,
    31.016124838541646,
    27.294688127912362,
    27.202941017470888,
    26.1725046566048,
    27.018512172212592,
    29.681644159311659,
    32.202484376209235,
    38.897300677553446,
    46.690470119715009,
    58.077534382926416,
    72.111025509279784,
    26.476404589747453,
    26.248809496813376,
    45.188494110780013,
    81.301906496711382,
    80.2807573457052,
    41.036569057366385,
    28.600699292150182,
    83.240615086627031,
    71.8679344353238,
    53.600373133029585,
    41.303752856126764
  ],
  [
    34.0,
    66.483080554378645,
    53.600373133029585,
    46.238512086787566,
    41.182520563948,
    39.408120990476064,
    37.483329627982627,
    38.418745424597091,
    39.11521443121589,
    42.047592083257278,
    45.221676218380054,
    48.836461788299118,
    56.080299571239813,
    70.114192571832419,
    71.196910045310247,
    72.422372233999624,
    75.153176912223742,
    79.075912893876861,
    70.292247083159893,
    60.141499815019579,
    56.612719418872643,
    55.470712993434653,
    53.488316481265329,
    52.630789467763066,
    52.3450093132096,
    53.0,
    53.338541412378348,
    54.571054598569013,
    30.083217912982647,
    27.294688127912362,
    27.202941017470888,
    26.1725046566048,
    28.42534080710379,
    29.681644159311659,
    32.202484376209235,
    38.897300677553446,
    47.675989764240867,
    59.076221950967721,
    74.108029254595621,
    26.476404589747453,
    28.160255680657446,
    52.801515129776341,
    81.301906496711382,
    65.299310869258036,
    38.2099463490856,
    27.202941017470888,
    83.240615086627031,
    66.483080554378645,
    50.447993022517757,
    40.311288741492746
  ],
  [
    51.0,
    44.283179650969061,
    40.26164427839479,
    37.336309405188942,
    35.355339059327378,
    35.805027579936315,
    37.483329627982627,
    39.05124837953327,
    41.340053217188775,
    44.283179650969061,
    48.383881613611777,
    58.051701094799967,
    71.112586790244109,
    70.114192571832419,
    71.196910045310247,
    72.422372233999624,
    75.153176912223742,
    67.4166151627327,
    56.080299571239813,
    54.488530903301111,
    53.009433122794285,
    52.354560450833695,
    51.623637996561229,
    51.419840528729765,
    52.3450093132096,
    52.0,
    53.338541412378348,
    30.805843601498726,
    26.570660511172846,
    26.419689627245813,
    25.80697580112788,
    27.586228448267445,
    29.832867780352597,
    33.286633954186478,
    39.812058474788763,
    50.289163842720633,
    64.132674979295857,
    77.103826104804938,
    26.019223662515376,
    30.4138126514911,
    70.213958726167832,
    81.437092286009332,
    48.548944375753422,
    32.649655434629018,
    81.344944526380985,
    72.422372233999624,
    52.354560450833695,
    40.853396431630991,
    33.955853692699293,
    62.393909959225986
  ],
  [
    49.0,
    43.289721643826724,
    40.26164427839479,
    37.336309405188942,
    35.355339059327378,
    37.20215047547655,
    37.483329627982627,
    40.459856648287818,
    42.720018726587654,
    45.188494110780013,
    51.546095875439491,
    61.98386886924694,
    71.112586790244109,
    71.112586790244109,
    72.180329730474355,
    73.375745311376562,
    76.05918747922567,
    65.192024052026483,
    55.443665102516448,
    54.488530903301111,
    53.009433122794285,
    51.478150704935004,
    51.623637996561229,
    51.419840528729765,
    51.35172830587107,
    52.0,
    54.3323108288245,
    28.861739379323623,
    25.632011235952593,
    25.059928172283335,
    25.80697580112788,
    27.586228448267445,
    29.832867780352597,
    33.286633954186478,
    42.047592083257278,
    51.546095875439491,
    68.066144300966542,
    27.018512172212592,
    25.019992006393608,
    35.510561809129406,
    75.584389922787622,
    79.624116949577527,
    42.720018726587654,
    31.240998703626616,
    81.344944526380985,
    65.215028942721474,
    50.119856344566671,
    39.560080889704963,
    75.186434946737563,
    58.420886675914119
  ],
  [
    48.0,
    42.2965719651132,
    39.05124837953327,
    37.336309405188942,
    36.235341863986875,
    37.20215047547655,
    38.2099463490856,
    40.459856648287818,
    42.720018726587654,
    46.518813398452032,
    52.497618993626752,
    64.132674979295857,
    72.111025509279784,
    71.112586790244109,
    72.180329730474355,
    73.375745311376562,
    75.153176912223742,
    61.587336360651285,
    54.671747731346578,
    53.075418038862395,
    51.61395160225576,
    51.478150704935004,
    50.328918128646478,
    51.419840528729765,
    51.35172830587107,
    52.0,
    31.256999216175569,
    27.658633371878661,
    24.698178070456937,
    25.059928172283335,
    25.80697580112788,
    26.1725046566048,
    29.832867780352597,
    34.132096331752024,
    42.047592083257278,
    53.450912059571067,
    69.2314957226839,
    27.018512172212592,
    25.019992006393608,
    36.496575181789318,
    78.746428490440124,
    77.388629655783419,
    42.720018726587654,
    29.832867780352597,
    82.073138114732771,
    63.007936008093459,
    46.529560496527367,
    38.626415831655933,
    71.06335201775947,
    56.435804238089851
  ],
  [
    41.0,
    38.2099463490856,
    36.138621999185304,
    34.176014981270121,
    35.355339059327378,
    35.805027579936315,
    38.2099463490856,
    40.459856648287818,
    43.56604182158393,
    48.332183894378289,
    58.821764679410968,
    71.196910045310247,
    70.114192571832419,
    70.114192571832419,
    71.196910045310247,
    72.422372233999624,
    65.30696746902278,
    55.758407437802596,
    53.2634959423431,
    52.3450093132096,
    50.219518117958877,
    49.244289008980523,
    49.396356140913873,
    50.447993022517757,
    50.358713248056688,
    53.0,
    29.154759474226502,
    24.738633753705962,
    24.698178070456937,
    25.059928172283335,
    25.80697580112788,
    27.586228448267445,
    32.649655434629018,
    39.11521443121589,
    49.658836071740545,
    64.195015382816138,
    74.330343736592525,
    25.019992006393608,
    30.016662039607269,
    72.180329730474355,
    77.794601355106892,
    42.047592083257278,
    31.906112267087632,
    80.2807573457052,
    64.381674411279491,
    46.61544808322666,
    38.470768123342687,
    69.6419413859206,
    54.571054598569013,
    45.276925690687087
  ],
  [
    38.0,
    35.227829907617071,
    33.955853692699293,
    34.176014981270121,
    35.355339059327378,
    37.20215047547655,
    39.6232255123179,
    42.638011210655684,
    46.324939287601879,
    54.12947441089743,
    67.357256476195644,
    70.213958726167832,
    69.1158447825099,
    69.1158447825099,
    70.213958726167832,
    71.470273540822546,
    56.36488268416781,
    52.153619241621193,
    50.447993022517757,
    49.51767361255979,
    49.4064773081425,
    47.885279575251516,
    49.396356140913873,
    49.477267507411923,
    51.35172830587107,
    29.0,
    24.186773244895647,
    23.53720459187964,
    23.409399821439251,
    23.706539182259394,
    25.80697580112788,
    31.144823004794873,
    37.643060449437421,
    46.324939287601879,
    58.600341295934449,
    71.470273540822546,
    24.331050121192877,
    31.064449134018133,
    66.121101019266163,
    76.2954782408499,
    48.383881613611777,
    32.202484376209235,
    78.230428862431779,
    65.299310869258036,
    49.51767361255979,
    39.408120990476064,
    69.354163537598808,
    53.488316481265329,
    45.354161881794269,
    40.311288741492746
  ],
  [
    35.0,
    34.23448553724738,
    33.955853692699293,
    34.176014981270121,
    36.235341863986875,
    38.013155617496423,
    41.036569057366385,
    43.278170016764804,
    48.548944375753422,
    58.600341295934449,
    70.213958726167832,
    69.2314957226839,
    68.117545463705611,
    68.117545463705611,
    68.066144300966542,
    64.195015382816138,
    52.801515129776341,
    50.774009099144415,
    50.447993022517757,
    49.51767361255979,
    48.010415536631214,
    47.885279575251516,
    49.396356140913873,
    49.477267507411923,
    51.35172830587107,
    27.0,
    23.194827009486403,
    23.53720459187964,
    23.409399821439251,
    25.059928172283335,
    28.600699292150182,
    32.557641192199412,
    40.459856648287818,
    50.774009099144415,
    65.30696746902278,
    27.202941017470888,
    23.345235059857504,
    47.095647357266465,
    74.108029254595621,
    58.051701094799967,
    38.897300677553446,
    28.635642126552707,
    76.8505042273634,
    54.671747731346578,
    42.449970553582247,
    74.4043009509531,
    58.180752831155424,
    47.169905660283021,
    42.201895692018383,
    37.215588131856791
  ],
  [
    35.0,
    34.23448553724738,
    34.928498393145958,
    36.400549446402593,
    38.470768123342687,
    40.80441152620633,
    43.863424398922618,
    48.270073544588683,
    55.758407437802596,
    66.2117814289874,
    71.470273540822546,
    69.2314957226839,
    67.119296778199342,
    67.119296778199342,
    68.066144300966542,
    53.450912059571067,
    50.566787519082126,
    49.396356140913873,
    48.270073544588683,
    46.690470119715009,
    46.61544808322666,
    47.885279575251516,
    48.466483264210538,
    49.477267507411923,
    26.1725046566048,
    23.0,
    22.090722034374522,
    22.561028345356956,
    23.409399821439251,
    26.419689627245813,
    30.805843601498726,
    37.483329627982627,
    45.453272709454048,
    59.363288318623319,
    69.354163537598808,
    23.086792761230392,
    32.557641192199412,
    73.109506905736964,
    75.1065909225016,
    42.7551166528639,
    32.572994949804659,
    77.388629655783419,
    59.363288318623319,
    43.278170016764804,
    38.2099463490856,
    63.007936008093459,
    50.119856344566671,
    44.011362169330773,
    39.05124837953327,
    36.221540552549669
  ],
  [
    37.0,
    37.215588131856791,
    38.078865529319543,
    40.853396431630991,
    43.416586692184822,
    45.803929962395145,
    50.24937810560445,
    58.258046654518033,
    66.037867924396224,
    73.824115301167,
    70.213958726167832,
    67.082039324993687,
    66.121101019266163,
    66.121101019266163,
    53.9351462406472,
    50.289163842720633,
    49.658836071740545,
    48.548944375753422,
    48.270073544588683,
    48.104053883222775,
    49.4064773081425,
    50.119856344566671,
    51.623637996561229,
    27.658633371878661,
    25.179356624028344,
    24.0,
    24.186773244895647,
    25.709920264364882,
    30.083217912982647,
    34.0,
    43.011626335213137,
    53.075418038862395,
    68.8839603971781,
    28.301943396169811,
    24.166091947189145,
    45.221676218380054,
    76.2954782408499,
    57.078892771321343,
    40.049968789001575,
    31.400636936215164,
    76.53757247260981,
    56.36488268416781,
    44.10215414239989,
    37.643060449437421,
    67.208630398186216,
    53.009433122794285,
    45.650848842053307,
    40.853396431630991,
    38.078865529319543,
    36.221540552549669
  ],
  [
    37.0,
    37.215588131856791,
    39.05124837953327,
    41.785164831552358,
    44.294469180700204,
    48.010415536631214,
    53.075418038862395,
    61.073725938409879,
    69.6419413859206,
    69.354163537598808,
    66.098411478642959,
    64.132674979295857,
    63.126856408346519,
    62.072538211353979,
    48.836461788299118,
    48.383881613611777,
    47.4236228055175,
    46.324939287601879,
    48.270073544588683,
    49.51767361255979,
    51.61395160225576,
    52.354560450833695,
    57.0087712549569,
    27.658633371878661,
    25.179356624028344,
    24.0,
    25.179356624028344,
    26.683328128252668,
    33.241540277189323,
    38.470768123342687,
    48.010415536631214,
    62.968245965724662,
    70.292247083159893,
    24.698178070456937,
    32.202484376209235,
    64.195015382816138,
    72.180329730474355,
    42.047592083257278,
    32.0624390837628,
    28.442925306655784,
    61.032778078668514,
    46.518813398452032,
    39.11521443121589,
    73.878278269055514,
    54.488530903301111,
    46.61544808322666,
    42.059481689626182,
    37.336309405188942,
    36.138621999185304,
    36.221540552549669
  ],
  [
    32.0,
    33.241540277189323,
    39.05124837953327,
    41.785164831552358,
    45.650848842053307,
    70.213958726167832,
    87.726848797845236,
    50.447993022517757,
    57.140178508646613,
    55.036351623268054,
    52.497618993626752,
    50.803543183522152,
    49.091750834534309,
    49.091750834534309,
    48.836461788299118,
    48.383881613611777,
    37.576588456111871,
    35.510561809129406,
    36.235341863986875,
    37.483329627982627,
    40.80441152620633,
    43.416586692184822,
    48.466483264210538,
    51.419840528729765,
    57.428216061444921,
    66.0,
    34.23448553724738,
    32.015621187164243,
    36.400549446402593,
    44.294469180700204,
    55.21775076911409,
    68.622153857191051,
    38.418745424597091,
    37.735924528226413,
    58.600341295934449,
    67.357256476195644,
    44.721359549995796,
    33.060550509633082,
    69.1158447825099,
    64.132674979295857,
    43.965895873961216,
    60.415229867972862,
    72.401657439591816,
    50.447993022517757,
    39.6232255123179,
    34.409301068170507,
    33.120990323358392,
    32.310988842807021,
    32.015621187164243,
    31.256999216175569
  ],
  [
    48.0,
    53.338541412378348,
    65.969690009882569,
    79.479557120054466,
    89.067390216621931,
    93.813645062965122,
    80.65977932030313,
    71.06335201775947,
    65.192024052026483,
    60.415229867972862,
    43.011626335213137,
    42.7551166528639,
    43.046486500061768,
    43.046486500061768,
    43.737855457258078,
    46.173585522460783,
    46.518813398452032,
    48.548944375753422,
    51.855568649856693,
    48.104053883222775,
    44.407206622349037,
    42.059481689626182,
    44.011362169330773,
    50.447993022517757,
    58.420886675914119,
    66.0,
    74.545288248151536,
    92.892410884851088,
    49.396356140913873,
    54.589376255824725,
    64.404968752418469,
    76.4198926981712,
    46.861498055439924,
    59.363288318623319,
    70.682388188289167,
    42.059481689626182,
    53.9351462406472,
    69.1158447825099,
    67.119296778199342,
    49.8196748283246,
    66.098411478642959,
    69.354163537598808,
    43.56604182158393,
    45.453272709454048,
    43.863424398922618,
    35.805027579936315,
    37.589892258425,
    35.4682957019364,
    36.138621999185304,
    38.2099463490856
  ],
  [
    45.0,
    50.358713248056688,
    64.031242374328485,
    73.16419889536138,
    84.118963379252364,
    91.60785992479029,
    78.5175139698144,
    70.292247083159893,
    63.812224534175265,
    59.506302187247357,
    56.612719418872643,
    41.593268686170845,
    42.047592083257278,
    44.045431091090478,
    43.737855457258078,
    43.965895873961216,
    45.188494110780013,
    47.169905660283021,
    50.447993022517757,
    50.24937810560445,
    45.803929962395145,
    42.059481689626182,
    41.785164831552358,
    45.354161881794269,
    51.35172830587107,
    60.0,
    66.483080554378645,
    75.186434946737563,
    90.249653738947941,
    49.244289008980523,
    56.612719418872643,
    67.208630398186216,
    46.227697325304881,
    48.548944375753422,
    61.741396161732524,
    64.195015382816138,
    42.7551166528639,
    51.088159097779204,
    62.072538211353979,
    61.0,
    50.289163842720633,
    62.649820430708338,
    46.324939287601879,
    41.231056256176608,
    42.449970553582247,
    38.013155617496423,
    35.355339059327378,
    34.176014981270121,
    34.928498393145958,
    41.303752856126764
  ],
  [
    43.0,
    49.365980188789933,
    60.876925020897694,
    69.6419413859206,
    84.118963379252364,
    93.813645062965122,
    81.344944526380985,
    72.47068372797375,
    66.037867924396224,
    61.741396161732524,
    58.821764679410968,
    34.525353003264136,
    43.046486500061768,
    44.045431091090478,
    44.721359549995796,
    48.383881613611777,
    47.4236228055175,
    50.774009099144415,
    54.671747731346578,
    57.3149195236284,
    50.219518117958877,
    46.529560496527367,
    46.238512086787566,
    48.507731342539614,
    54.3323108288245,
    61.0,
    67.475921631349351,
    73.246160308919954,
    82.637763764516279,
    49.244289008980523,
    50.219518117958877,
    57.3149195236284,
    65.299310869258036,
    42.720018726587654,
    51.894122981316485,
    62.936475910238251,
    67.082039324993687,
    47.095647357266465,
    54.083269131959838,
    66.098411478642959,
    46.173585522460783,
    59.506302187247357,
    68.264192663504048,
    42.638011210655684,
    19.1049731745428,
    33.015148038438355,
    33.120990323358392,
    33.241540277189323,
    36.138621999185304,
    39.319206502675
  ],
  [
    29.0,
    29.154759474226502,
    33.955853692699293,
    37.336309405188942,
    58.180752831155424,
    82.419657849326214,
    102.59142264341595,
    94.493386011932074,
    86.284413424441851,
    80.529497701152962,
    76.53757247260981,
    74.330343736592525,
    40.049968789001575,
    40.049968789001575,
    41.593268686170845,
    43.011626335213137,
    45.188494110780013,
    46.324939287601879,
    50.447993022517757,
    54.488530903301111,
    54.405882034941776,
    50.119856344566671,
    48.466483264210538,
    49.477267507411923,
    55.443665102516448,
    59.0,
    65.490457320131767,
    69.123078635141823,
    75.026661927610775,
    51.478150704935004,
    48.010415536631214,
    49.51767361255979,
    54.671747731346578,
    65.192024052026483,
    77.388629655783419,
    51.546095875439491,
    68.066144300966542,
    83.150466023949619,
    52.086466572421671,
    65.115282384398824,
    81.9084855189009,
    62.649820430708338,
    79.075912893876861,
    32.649655434629018,
    30.4138126514911,
    29.410882339705484,
    31.76476034853718,
    31.016124838541646,
    28.861739379323623,
    28.160255680657446
  ],
  [
    37.0,
    35.227829907617071,
    34.928498393145958,
    35.4682957019364,
    36.235341863986875,
    37.20215047547655,
    39.6232255123179,
    42.638011210655684,
    46.324939287601879,
    54.12947441089743,
    64.195015382816138,
    69.2314957226839,
    68.117545463705611,
    67.119296778199342,
    67.082039324993687,
    68.308125431752259,
    67.119296778199342,
    55.758407437802596,
    51.855568649856693,
    50.931326312987373,
    51.61395160225576,
    51.478150704935004,
    52.55473337388365,
    53.600373133029585,
    54.3323108288245,
    56.0,
    30.14962686336267,
    27.658633371878661,
    25.632011235952593,
    26.419689627245813,
    27.202941017470888,
    28.319604517012593,
    34.058772731852805,
    39.11521443121589,
    48.332183894378289,
    58.821764679410968,
    64.132674979295857,
    31.064449134018133,
    54.083269131959838,
    70.213958726167832,
    58.821764679410968,
    39.812058474788763,
    74.625732827222535,
    73.878278269055514,
    56.586217403180434,
    79.404030124421269,
    69.354163537598808,
    52.55473337388365,
    45.354161881794269,
    40.311288741492746
  ],
  [
    35.0,
    33.241540277189323,
    32.984845004941285,
    33.241540277189323,
    34.0,
    35.805027579936315,
    38.2099463490856,
    40.459856648287818,
    44.10215414239989,
    51.894122981316485,
    61.032778078668514,
    68.066144300966542,
    66.121101019266163,
    66.121101019266163,
    66.098411478642959,
    67.357256476195644,
    61.741396161732524,
    52.153619241621193,
    51.855568649856693,
    50.24937810560445,
    50.219518117958877,
    50.119856344566671,
    51.623637996561229,
    52.630789467763066,
    53.338541412378348,
    29.0,
    26.1725046566048,
    24.738633753705962,
    23.409399821439251,
    23.706539182259394,
    24.413111231467404,
    27.586228448267445,
    31.240998703626616,
    37.735924528226413,
    46.518813398452032,
    60.728905802755904,
    25.317977802344327,
    25.019992006393608,
    54.083269131959838,
    73.16419889536138,
    51.546095875439491,
    37.576588456111871,
    76.8505042273634,
    70.292247083159893,
    50.24937810560445,
    79.404030124421269,
    61.294371682887821,
    49.396356140913873,
    42.201895692018383,
    37.215588131856791
  ],
  [
    36.0,
    34.23448553724738,
    33.955853692699293,
    34.176014981270121,
    34.0,
    35.805027579936315,
    38.2099463490856,
    40.459856648287818,
    44.10215414239989,
    51.894122981316485,
    61.032778078668514,
    69.2314957226839,
    68.117545463705611,
    67.119296778199342,
    67.082039324993687,
    69.260378283691168,
    63.071388124885914,
    54.378304497290095,
    51.855568649856693,
    52.3450093132096,
    51.61395160225576,
    51.478150704935004,
    51.623637996561229,
    52.630789467763066,
    53.338541412378348,
    30.0,
    27.166155414412248,
    24.738633753705962,
    24.698178070456937,
    23.706539182259394,
    24.413111231467404,
    26.1725046566048,
    31.240998703626616,
    37.735924528226413,
    46.518813398452032,
    60.728905802755904,
    69.2314957226839,
    25.019992006393608,
    43.046486500061768,
    75.312681535050928,
    58.821764679410968,
    39.812058474788763,
    30.528675044947494,
    76.694197955256044,
    53.075418038862395,
    42.201895692018383,
    70.710678118654755,
    52.55473337388365,
    45.354161881794269,
    40.311288741492746
  ],
  [
    39.0,
    36.221540552549669,
    34.928498393145958,
    34.176014981270121,
    35.355339059327378,
    35.805027579936315,
    38.2099463490856,
    40.459856648287818,
    43.56604182158393,
    49.658836071740545,
    58.821764679410968,
    71.196910045310247,
    70.114192571832419,
    69.1158447825099,
    69.2314957226839,
    71.470273540822546,
    68.4470598345904,
    55.758407437802596,
    54.671747731346578,
    54.488530903301111,
    53.009433122794285,
    52.354560450833695,
    52.55473337388365,
    53.600373133029585,
    54.3323108288245,
    32.0,
    29.154759474226502,
    25.709920264364882,
    24.698178070456937,
    25.059928172283335,
    25.80697580112788,
    26.1725046566048,
    29.832867780352597,
    35.510561809129406,
    44.283179650969061,
    58.821764679410968,
    73.16419889536138,
    26.019223662515376,
    28.0178514522438,
    76.2954782408499,
    77.794601355106892,
    44.283179650969061,
    31.906112267087632,
    84.504437753291981,
    65.79513659838392,
    46.61544808322666,
    81.006172604314543,
    64.257295305669373,
    50.447993022517757,
    43.289721643826724
  ],
  [
    47.0,
    42.2965719651132,
    39.05124837953327,
    37.336309405188942,
    37.589892258425,
    38.013155617496423,
    39.6232255123179,
    42.638011210655684,
    44.944410108488462,
    49.658836071740545,
    57.56735185849702,
    69.2314957226839,
    73.109506905736964,
    73.109506905736964,
    73.16419889536138,
    74.632432628181164,
    75.153176912223742,
    59.363288318623319,
    58.258046654518033,
    56.586217403180434,
    54.405882034941776,
    54.589376255824725,
    54.78138369920935,
    55.542776307995261,
    55.443665102516448,
    58.0,
    31.256999216175569,
    26.683328128252668,
    25.632011235952593,
    25.059928172283335,
    25.80697580112788,
    27.586228448267445,
    31.240998703626616,
    37.735924528226413,
    46.518813398452032,
    61.032778078668514,
    78.262379212492633,
    27.018512172212592,
    26.019223662515376,
    67.082039324993687,
    84.118963379252364,
    54.12947441089743,
    37.735924528226413,
    29.832867780352597,
    83.486525858967212,
    58.008620049092706,
    44.294469180700204,
    37.336309405188942,
    71.06335201775947,
    54.3323108288245
  ],
  [
    53.0,
    47.381430961928537,
    42.201895692018383,
    39.560080889704963,
    37.589892258425,
    38.013155617496423,
    39.6232255123179,
    41.231056256176608,
    44.10215414239989,
    48.332183894378289,
    53.450912059571067,
    65.115282384398824,
    73.109506905736964,
    73.109506905736964,
    73.16419889536138,
    74.632432628181164,
    76.05918747922567,
    61.587336360651285,
    59.665735560705194,
    57.3149195236284,
    56.612719418872643,
    54.589376255824725,
    54.78138369920935,
    55.542776307995261,
    56.435804238089851,
    37.0,
    31.256999216175569,
    27.658633371878661,
    26.570660511172846,
    26.419689627245813,
    25.80697580112788,
    27.586228448267445,
    31.240998703626616,
    37.735924528226413,
    44.283179650969061,
    58.821764679410968,
    74.330343736592525,
    26.019223662515376,
    25.019992006393608,
    46.690470119715009,
    85.07055894961546,
    63.071388124885914,
    39.11521443121589,
    29.832867780352597,
    87.726848797845236,
    65.215028942721474,
    50.119856344566671,
    39.560080889704963,
    33.955853692699293,
    66.483080554378645
  ],
  [
    67.0,
    55.443665102516448,
    48.507731342539614,
    43.08131845707603,
    41.182520563948,
    39.408120990476064,
    40.311288741492746,
    42.638011210655684,
    44.10215414239989,
    48.332183894378289,
    51.546095875439491,
    61.98386886924694,
    74.108029254595621,
    74.108029254595621,
    74.330343736592525,
    75.584389922787622,
    78.294316524253531,
    67.4166151627327,
    60.440052945046304,
    59.413803110051795,
    58.008620049092706,
    56.824290580701486,
    57.0087712549569,
    56.753854494650845,
    58.420886675914119,
    60.0,
    32.2490309931942,
    28.861739379323623,
    27.856776554368238,
    26.419689627245813,
    27.202941017470888,
    28.319604517012593,
    31.240998703626616,
    37.735924528226413,
    44.283179650969061,
    58.821764679410968,
    74.330343736592525,
    26.019223662515376,
    25.019992006393608,
    40.607881008493905,
    85.07055894961546,
    86.330759292386631,
    44.10215414239989,
    31.240998703626616,
    26.1725046566048,
    82.419657849326214,
    59.0592922409336,
    44.944410108488462,
    38.078865529319543,
    33.241540277189323
  ],
  [
    34.0,
    35.227829907617071,
    59.665735560705194,
    49.396356140913873,
    45.650848842053307,
    42.201895692018383,
    41.036569057366385,
    42.638011210655684,
    43.56604182158393,
    46.518813398452032,
    50.289163842720633,
    53.9351462406472,
    65.12296062065974,
    74.108029254595621,
    74.330343736592525,
    75.584389922787622,
    77.388629655783419,
    78.230428862431779,
    60.440052945046304,
    61.554853586049575,
    60.21627686929839,
    58.180752831155424,
    57.9396237474839,
    57.723478758647246,
    59.413803110051795,
    60.0,
    39.319206502675,
    32.015621187164243,
    29.154759474226502,
    27.294688127912362,
    28.600699292150182,
    28.319604517012593,
    31.240998703626616,
    33.286633954186478,
    39.812058474788763,
    48.383881613611777,
    64.132674979295857,
    78.10249675906654,
    25.019992006393608,
    27.459060435491963,
    50.289163842720633,
    90.376988221560026,
    70.178344238091,
    40.459856648287818,
    28.319604517012593,
    25.80697580112788,
    81.884064383737083,
    60.166435825965294,
    46.324939287601879,
    37.215588131856791
  ],
  [
    35.0,
    32.2490309931942,
    64.031242374328485,
    54.78138369920935,
    47.885279575251516,
    44.407206622349037,
    42.449970553582247,
    42.638011210655684,
    44.10215414239989,
    46.518813398452032,
    51.546095875439491,
    54.918120870983927,
    64.1248781675256,
    74.108029254595621,
    75.312681535050928,
    76.53757247260981,
    78.294316524253531,
    62.433965115151864,
    60.440052945046304,
    61.554853586049575,
    60.21627686929839,
    60.415229867972862,
    60.166435825965294,
    60.876925020897694,
    61.400325732035007,
    63.0,
    37.215588131856791,
    32.015621187164243,
    29.154759474226502,
    29.5296461204668,
    28.600699292150182,
    30.4138126514911,
    32.649655434629018,
    35.510561809129406,
    42.047592083257278,
    54.405882034941776,
    68.066144300966542,
    25.019992006393608,
    24.020824298928627,
    29.427877939124322,
    57.56735185849702,
    92.612094242598786,
    70.178344238091,
    40.459856648287818,
    27.586228448267445,
    24.413111231467404,
    87.709748602991681,
    63.324560795950255,
    47.296934361541872,
    40.311288741492746
  ],
  [
    36.0,
    32.2490309931942,
    32.984845004941285,
    57.9396237474839,
    49.244289008980523,
    45.803929962395145,
    43.863424398922618,
    42.638011210655684,
    44.10215414239989,
    46.518813398452032,
    51.546095875439491,
    53.9351462406472,
    63.126856408346519,
    74.108029254595621,
    75.312681535050928,
    75.584389922787622,
    78.294316524253531,
    62.433965115151864,
    62.481997407253232,
    62.241465278381739,
    61.611687202997452,
    61.294371682887821,
    62.393909959225986,
    61.846584384264908,
    63.505905237229712,
    65.0,
    37.215588131856791,
    32.015621187164243,
    30.083217912982647,
    29.5296461204668,
    29.410882339705484,
    31.144823004794873,
    32.649655434629018,
    37.735924528226413,
    44.283179650969061,
    55.659680200302986,
    67.082039324993687,
    23.021728866442675,
    23.021728866442675,
    29.427877939124322,
    57.56735185849702,
    92.612094242598786,
    72.401657439591816,
    39.05124837953327,
    27.586228448267445,
    23.600847442411894,
    24.186773244895647,
    68.709533545207535,
    53.600373133029585,
    42.2965719651132
  ],
  [
    39.0,
    34.23448553724738,
    32.015621187164243,
    65.551506466289538,
    53.712196007983138,
    49.4064773081425,
    46.690470119715009,
    45.453272709454048,
    46.324939287601879,
    48.332183894378289,
    51.546095875439491,
    53.9351462406472,
    63.126856408346519,
    73.109506905736964,
    74.330343736592525,
    75.584389922787622,
    77.388629655783419,
    60.207972893961475,
    61.073725938409879,
    62.241465278381739,
    61.611687202997452,
    62.649820430708338,
    62.393909959225986,
    62.81719509815764,
    64.4980619863884,
    67.0,
    35.227829907617071,
    32.015621187164243,
    29.154759474226502,
    29.5296461204668,
    29.410882339705484,
    31.144823004794873,
    32.649655434629018,
    37.735924528226413,
    46.518813398452032,
    58.821764679410968,
    69.2314957226839,
    21.023796041628639,
    22.022715545545239,
    29.427877939124322,
    54.405882034941776,
    92.612094242598786,
    91.268833672837076,
    42.638011210655684,
    28.319604517012593,
    22.203603311174518,
    22.825424421026653,
    75.026661927610775,
    57.723478758647246,
    46.2709412050371
  ],
  [
    40.0,
    35.227829907617071,
    32.015621187164243,
    67.779052811322174,
    55.946402922797461,
    49.4064773081425,
    46.690470119715009,
    45.453272709454048,
    46.324939287601879,
    48.332183894378289,
    51.546095875439491,
    52.773099207835045,
    57.078892771321343,
    72.111025509279784,
    73.16419889536138,
    74.632432628181164,
    77.388629655783419,
    60.207972893961475,
    61.073725938409879,
    61.554853586049575,
    62.201286160335947,
    62.649820430708338,
    63.324560795950255,
    64.031242374328485,
    65.490457320131767,
    68.0,
    36.221540552549669,
    32.015621187164243,
    30.083217912982647,
    29.5296461204668,
    30.805843601498726,
    31.144823004794873,
    32.649655434629018,
    39.11521443121589,
    46.518813398452032,
    58.821764679410968,
    24.331050121192877,
    21.023796041628639,
    23.021728866442675,
    30.4138126514911,
    56.612719418872643,
    92.612094242598786,
    91.268833672837076,
    42.638011210655684,
    28.319604517012593,
    22.203603311174518,
    21.470910553583888,
    79.479557120054466,
    59.665735560705194,
    48.373546489791295
  ],
  [
    43.0,
    37.215588131856791,
    33.955853692699293,
    34.176014981270121,
    58.180752831155424,
    51.61395160225576,
    48.104053883222775,
    46.861498055439924,
    47.169905660283021,
    49.658836071740545,
    49.33558553417604,
    53.9351462406472,
    57.078892771321343,
    72.111025509279784,
    65.115282384398824,
    74.632432628181164,
    76.05918747922567,
    60.207972893961475,
    62.481997407253232,
    62.241465278381739,
    64.404968752418469,
    63.529520697074361,
    65.551506466289538,
    65.0,
    67.475921631349351,
    69.0,
    37.215588131856791,
    32.984845004941285,
    31.016124838541646,
    30.4138126514911,
    30.805843601498726,
    31.144823004794873,
    31.240998703626616,
    37.735924528226413,
    46.518813398452032,
    57.56735185849702,
    23.345235059857504,
    20.024984394500787,
    22.022715545545239,
    28.442925306655784,
    47.127486671792717,
    89.470665583754325,
    93.493315269060815,
    48.270073544588683,
    31.144823004794873,
    23.600847442411894,
    20.591260281974,
    22.472205054244231,
    65.969690009882569,
    52.3450093132096
  ],
  [
    54.0,
    45.276925690687087,
    38.078865529319543,
    33.241540277189323,
    33.120990323358392,
    62.201286160335947,
    54.488530903301111,
    49.040799340956916,
    48.548944375753422,
    47.4236228055175,
    50.289163842720633,
    49.8196748283246,
    54.083269131959838,
    57.078892771321343,
    62.968245965724662,
    64.195015382816138,
    71.589105316381762,
    60.207972893961475,
    61.073725938409879,
    62.968245965724662,
    64.404968752418469,
    64.007812023221035,
    66.483080554378645,
    66.940271884718243,
    69.462219947249025,
    71.0,
    39.319206502675,
    34.928498393145958,
    32.310988842807021,
    31.76476034853718,
    30.805843601498726,
    27.586228448267445,
    29.832867780352597,
    39.11521443121589,
    46.518813398452032,
    58.821764679410968,
    18.248287590894659,
    19.026297590440446,
    21.023796041628639,
    24.331050121192877,
    34.481879299133332,
    61.741396161732524,
    89.888820216976924,
    86.683331731077345,
    39.6232255123179,
    28.600699292150182,
    20.591260281974,
    18.027756377319946,
    19.4164878389476,
    65.490457320131767
  ],
  [
    33.0,
    32.2490309931942,
    58.694122363316758,
    50.328918128646478,
    45.650848842053307,
    43.011626335213137,
    42.449970553582247,
    43.278170016764804,
    46.324939287601879,
    49.658836071740545,
    52.497618993626752,
    59.033888572581766,
    73.109506905736964,
    76.105190361761785,
    76.2954782408499,
    77.794601355106892,
    79.624116949577527,
    74.625732827222535,
    62.481997407253232,
    62.241465278381739,
    60.21627686929839,
    59.0592922409336,
    60.166435825965294,
    59.665735560705194,
    60.406953242155822,
    62.0,
    33.241540277189323,
    30.805843601498726,
    29.154759474226502,
    28.178005607210743,
    29.410882339705484,
    31.144823004794873,
    34.058772731852805,
    39.11521443121589,
    48.332183894378289,
    61.032778078668514,
    75.312681535050928,
    24.020824298928627,
    25.019992006393608,
    41.593268686170845,
    85.07055894961546,
    91.706052144883,
    48.548944375753422,
    31.240998703626616,
    24.758836806279895,
    25.80697580112788,
    75.17978451685,
    55.713553108736477,
    43.174066289845804,
    37.215588131856791
  ],
  [
    34.0,
    33.241540277189323,
    57.723478758647246,
    49.396356140913873,
    45.650848842053307,
    43.011626335213137,
    42.449970553582247,
    43.278170016764804,
    46.324939287601879,
    49.658836071740545,
    51.546095875439491,
    58.051701094799967,
    73.109506905736964,
    76.105190361761785,
    76.2954782408499,
    77.794601355106892,
    80.529497701152962,
    74.625732827222535,
    63.253458403473878,
    62.968245965724662,
    60.21627686929839,
    59.0592922409336,
    59.236812878479547,
    59.665735560705194,
    60.406953242155822,
    62.0,
    34.23448553724738,
    30.805843601498726,
    29.154759474226502,
    29.5296461204668,
    29.410882339705484,
    30.4138126514911,
    32.649655434629018,
    39.11521443121589,
    46.518813398452032,
    58.821764679410968,
    74.330343736592525,
    25.019992006393608,
    25.019992006393608,
    39.6232255123179,
    81.9084855189009,
    93.941471140279674,
    52.153619241621193,
    32.649655434629018,
    26.1725046566048,
    25.80697580112788,
    77.414468931847622,
    57.9396237474839,
    45.354161881794269,
    37.215588131856791
  ],
  [
    33.0,
    63.505905237229712,
    52.630789467763066,
    47.169905660283021,
    43.416586692184822,
    42.201895692018383,
    42.449970553582247,
    44.045431091090478,
    46.324939287601879,
    50.566787519082126,
    54.405882034941776,
    64.132674979295857,
    77.103826104804938,
    77.103826104804938,
    77.278716345446625,
    78.746428490440124,
    80.529497701152962,
    63.812224534175265,
    63.253458403473878,
    61.554853586049575,
    59.405386961116584,
    59.0592922409336,
    59.236812878479547,
    59.665735560705194,
    60.406953242155822,
    62.0,
    32.2490309931942,
    29.832867780352597,
    29.154759474226502,
    28.178005607210743,
    29.410882339705484,
    31.144823004794873,
    34.058772731852805,
    39.962482405376171,
    49.658836071740545,
    61.98386886924694,
    79.2464510246358,
    25.019992006393608,
    26.019223662515376,
    46.690470119715009,
    91.39474820797966,
    91.706052144883,
    44.10215414239989,
    31.240998703626616,
    26.1725046566048,
    91.60785992479029,
    67.119296778199342,
    52.55473337388365,
    41.231056256176608,
    35.227829907617071
  ],
  [
    48.0,
    43.289721643826724,
    40.26164427839479,
    38.626415831655933,
    38.470768123342687,
    40.80441152620633,
    42.449970553582247,
    45.453272709454048,
    48.548944375753422,
    54.12947441089743,
    64.195015382816138,
    78.262379212492633,
    78.10249675906654,
    77.103826104804938,
    77.278716345446625,
    77.794601355106892,
    65.30696746902278,
    60.207972893961475,
    59.665735560705194,
    56.586217403180434,
    55.21775076911409,
    55.470712993434653,
    55.713553108736477,
    56.753854494650845,
    57.428216061444921,
    32.0,
    28.160255680657446,
    27.658633371878661,
    26.570660511172846,
    27.294688127912362,
    29.410882339705484,
    32.557641192199412,
    40.459856648287818,
    50.774009099144415,
    63.071388124885914,
    80.956778592036386,
    26.476404589747453,
    36.055512754639892,
    74.108029254595621,
    90.609050320594349,
    51.546095875439491,
    35.341194094144583,
    27.459060435491963,
    87.321245982864909,
    62.968245965724662,
    46.61544808322666,
    38.470768123342687,
    33.241540277189323,
    66.940271884718243,
    53.338541412378348
  ],
  [
    40.0,
    38.2099463490856,
    37.107950630558946,
    37.336309405188942,
    38.470768123342687,
    39.408120990476064,
    42.449970553582247,
    45.453272709454048,
    50.774009099144415,
    58.600341295934449,
    71.470273540822546,
    77.278716345446625,
    75.1065909225016,
    75.1065909225016,
    75.312681535050928,
    74.632432628181164,
    58.600341295934449,
    56.603886792339623,
    55.443665102516448,
    53.075418038862395,
    53.009433122794285,
    53.712196007983138,
    53.488316481265329,
    54.571054598569013,
    56.435804238089851,
    32.0,
    28.160255680657446,
    26.683328128252668,
    26.570660511172846,
    27.294688127912362,
    29.410882339705484,
    33.97057550292606,
    42.638011210655684,
    52.153619241621193,
    67.119296778199342,
    31.32091952673165,
    28.442925306655784,
    47.095647357266465,
    78.10249675906654,
    69.2314957226839,
    42.059481689626182,
    30.870698080866262,
    88.509886453435243,
    65.299310869258036,
    48.104053883222775,
    39.408120990476064,
    81.884064383737083,
    61.098281481560512,
    49.477267507411923,
    44.283179650969061
  ],
  [
    39.0,
    37.215588131856791,
    36.138621999185304,
    37.336309405188942,
    38.470768123342687,
    40.80441152620633,
    43.863424398922618,
    46.861498055439924,
    50.774009099144415,
    61.741396161732524,
    74.632432628181164,
    76.2954782408499,
    75.1065909225016,
    74.108029254595621,
    74.330343736592525,
    70.213958726167832,
    57.271284253105414,
    55.758407437802596,
    54.671747731346578,
    52.3450093132096,
    52.201532544552748,
    52.354560450833695,
    53.488316481265329,
    54.571054598569013,
    56.435804238089851,
    31.0,
    27.166155414412248,
    25.709920264364882,
    26.570660511172846,
    27.294688127912362,
    29.410882339705484,
    35.383612025908263,
    43.278170016764804,
    55.758407437802596,
    68.4470598345904,
    29.410882339705484,
    27.459060435491963,
    57.078892771321343,
    84.1486779456457,
    64.132674979295857,
    38.897300677553446,
    30.870698080866262,
    82.680106434377549,
    56.080299571239813,
    43.863424398922618,
    35.805027579936315,
    71.589105316381762,
    54.78138369920935,
    47.296934361541872,
    42.2965719651132
  ],
  [
    39.0,
    37.215588131856791,
    36.138621999185304,
    36.400549446402593,
    37.589892258425,
    39.408120990476064,
    42.449970553582247,
    45.453272709454048,
    50.774009099144415,
    59.506302187247357,
    71.470273540822546,
    77.278716345446625,
    76.105190361761785,
    75.1065909225016,
    75.312681535050928,
    71.470273540822546,
    58.600341295934449,
    57.140178508646613,
    55.443665102516448,
    54.488530903301111,
    53.009433122794285,
    53.712196007983138,
    54.78138369920935,
    55.542776307995261,
    35.227829907617071,
    31.0,
    27.166155414412248,
    26.683328128252668,
    26.570660511172846,
    27.294688127912362,
    30.805843601498726,
    37.483329627982627,
    43.278170016764804,
    57.140178508646613,
    70.682388188289167,
    28.160255680657446,
    28.442925306655784,
    60.074953183502359,
    85.14693182963201,
    64.132674979295857,
    38.897300677553446,
    30.870698080866262,
    82.680106434377549,
    56.080299571239813,
    43.863424398922618,
    35.805027579936315,
    75.17978451685,
    57.0087712549569,
    47.296934361541872,
    42.2965719651132
  ],
  [
    39.0,
    37.215588131856791,
    37.107950630558946,
    37.336309405188942,
    38.470768123342687,
    40.80441152620633,
    43.863424398922618,
    46.861498055439924,
    52.153619241621193,
    61.741396161732524,
    74.632432628181164,
    76.2954782408499,
    75.1065909225016,
    74.108029254595621,
    74.330343736592525,
    67.357256476195644,
    56.36488268416781,
    55.758407437802596,
    54.671747731346578,
    53.075418038862395,
    52.201532544552748,
    52.354560450833695,
    53.488316481265329,
    55.542776307995261,
    57.428216061444921,
    30.0,
    27.166155414412248,
    25.709920264364882,
    26.570660511172846,
    27.294688127912362,
    29.410882339705484,
    35.383612025908263,
    43.278170016764804,
    55.758407437802596,
    70.682388188289167,
    30.364452901377952,
    28.442925306655784,
    59.076221950967721,
    86.145226217127089,
    64.132674979295857,
    42.059481689626182,
    30.870698080866262,
    82.680106434377549,
    56.080299571239813,
    43.863424398922618,
    37.20215047547655,
    71.589105316381762,
    55.713553108736477,
    47.296934361541872,
    42.2965719651132
  ],
  [
    38.0,
    36.221540552549669,
    36.138621999185304,
    36.400549446402593,
    38.470768123342687,
    40.80441152620633,
    43.863424398922618,
    46.861498055439924,
    52.153619241621193,
    61.741396161732524,
    74.632432628181164,
    76.2954782408499,
    75.1065909225016,
    74.108029254595621,
    74.330343736592525,
    67.357256476195644,
    57.271284253105414,
    55.758407437802596,
    54.671747731346578,
    53.075418038862395,
    52.201532544552748,
    53.712196007983138,
    54.78138369920935,
    55.542776307995261,
    33.241540277189323,
    30.0,
    26.1725046566048,
    25.709920264364882,
    26.570660511172846,
    27.294688127912362,
    29.410882339705484,
    35.383612025908263,
    43.278170016764804,
    55.758407437802596,
    70.682388188289167,
    28.160255680657446,
    27.459060435491963,
    63.126856408346519,
    86.145226217127089,
    59.033888572581766,
    38.897300677553446,
    30.870698080866262,
    80.454956342042721,
    56.080299571239813,
    43.863424398922618,
    37.20215047547655,
    69.354163537598808,
    52.55473337388365,
    46.324939287601879,
    41.303752856126764
  ],
  [
    37.0,
    36.221540552549669,
    36.138621999185304,
    36.400549446402593,
    37.589892258425,
    40.80441152620633,
    42.449970553582247,
    46.861498055439924,
    52.153619241621193,
    61.741396161732524,
    74.632432628181164,
    76.2954782408499,
    75.1065909225016,
    74.108029254595621,
    74.330343736592525,
    67.357256476195644,
    57.271284253105414,
    55.758407437802596,
    54.671747731346578,
    53.075418038862395,
    53.009433122794285,
    53.712196007983138,
    54.78138369920935,
    56.753854494650845,
    33.241540277189323,
    30.0,
    27.166155414412248,
    26.683328128252668,
    26.570660511172846,
    27.294688127912362,
    30.805843601498726,
    38.2099463490856,
    46.861498055439924,
    59.363288318623319,
    75.153176912223742,
    28.160255680657446,
    32.557641192199412,
    67.119296778199342,
    85.14693182963201,
    53.9351462406472,
    35.735136770411273,
    86.330759292386631,
    72.401657439591816,
    51.855568649856693,
    41.036569057366385,
    82.419657849326214,
    63.529520697074361,
    50.328918128646478,
    44.384682042344295,
    40.311288741492746
  ],
  [
    37.0,
    35.227829907617071,
    36.138621999185304,
    36.400549446402593,
    37.589892258425,
    40.80441152620633,
    43.863424398922618,
    46.861498055439924,
    53.0,
    63.071388124885914,
    77.794601355106892,
    76.2954782408499,
    74.108029254595621,
    74.108029254595621,
    74.330343736592525,
    64.195015382816138,
    56.36488268416781,
    55.758407437802596,
    54.671747731346578,
    52.3450093132096,
    52.201532544552748,
    53.712196007983138,
    54.78138369920935,
    55.542776307995261,
    33.241540277189323,
    29.0,
    26.1725046566048,
    26.683328128252668,
    26.570660511172846,
    27.294688127912362,
    32.202484376209235,
    38.2099463490856,
    48.270073544588683,
    61.587336360651285,
    75.153176912223742,
    28.160255680657446,
    32.557641192199412,
    70.114192571832419,
    84.1486779456457,
    48.836461788299118,
    35.735136770411273,
    87.235313950257549,
    69.6419413859206,
    48.270073544588683,
    39.6232255123179,
    81.60882305241266,
    61.294371682887821,
    49.396356140913873,
    43.174066289845804,
    39.319206502675
  ],
  [
    36.0,
    36.221540552549669,
    36.138621999185304,
    37.336309405188942,
    39.824615503479755,
    42.201895692018383,
    46.690470119715009,
    50.447993022517757,
    59.363288318623319,
    69.354163537598808,
    77.794601355106892,
    75.312681535050928,
    73.109506905736964,
    73.109506905736964,
    72.180329730474355,
    57.56735185849702,
    55.036351623268054,
    54.378304497290095,
    51.855568649856693,
    50.931326312987373,
    51.61395160225576,
    52.354560450833695,
    54.78138369920935,
    56.753854494650845,
    30.14962686336267,
    27.0,
    25.179356624028344,
    25.709920264364882,
    26.570660511172846,
    28.178005607210743,
    34.409301068170507,
    42.449970553582247,
    53.2634959423431,
    65.192024052026483,
    29.546573405388315,
    27.202941017470888,
    48.836461788299118,
    79.1580697086532,
    63.126856408346519,
    42.7551166528639,
    31.32091952673165,
    82.764726786234249,
    55.758407437802596,
    43.278170016764804,
    37.483329627982627,
    66.610809933523555,
    52.354560450833695,
    44.944410108488462,
    41.231056256176608,
    38.2099463490856
  ],
  [
    37.0,
    37.215588131856791,
    38.078865529319543,
    39.560080889704963,
    42.059481689626182,
    45.803929962395145,
    49.51767361255979,
    54.671747731346578,
    63.812224534175265,
    75.153176912223742,
    77.794601355106892,
    75.312681535050928,
    74.108029254595621,
    73.109506905736964,
    69.2314957226839,
    56.612719418872643,
    56.36488268416781,
    54.378304497290095,
    53.2634959423431,
    52.3450093132096,
    53.009433122794285,
    54.589376255824725,
    55.713553108736477,
    30.805843601498726,
    27.166155414412248,
    25.0,
    25.179356624028344,
    25.709920264364882,
    26.570660511172846,
    30.4138126514911,
    38.013155617496423,
    48.104053883222775,
    62.481997407253232,
    78.230428862431779,
    26.40075756488817,
    29.410882339705484,
    69.2314957226839,
    84.1486779456457,
    53.084837759947987,
    37.656340767525464,
    31.32091952673165,
    68.4470598345904,
    50.774009099144415,
    40.459856648287818,
    36.069377593742864,
    60.21627686929839,
    50.119856344566671,
    44.944410108488462,
    40.26164427839479,
    38.2099463490856
  ],
  [
    37.0,
    38.2099463490856,
    39.05124837953327,
    41.785164831552358,
    44.294469180700204,
    46.61544808322666,
    52.3450093132096,
    59.665735560705194,
    67.4166151627327,
    79.624116949577527,
    76.53757247260981,
    74.330343736592525,
    72.111025509279784,
    71.112586790244109,
    58.051701094799967,
    55.659680200302986,
    54.12947441089743,
    53.0,
    51.855568649856693,
    52.3450093132096,
    53.009433122794285,
    54.589376255824725,
    57.0087712549569,
    30.805843601498726,
    27.166155414412248,
    25.0,
    25.179356624028344,
    25.709920264364882,
    27.856776554368238,
    34.0,
    42.201895692018383,
    53.075418038862395,
    68.8839603971781,
    80.454956342042721,
    27.313000567495326,
    38.897300677553446,
    78.262379212492633,
    71.112586790244109,
    47.095647357266465,
    35.510561809129406,
    86.023252670426274,
    61.741396161732524,
    46.324939287601879,
    39.05124837953327,
    69.354163537598808,
    55.21775076911409,
    47.885279575251516,
    43.08131845707603,
    39.05124837953327,
    38.2099463490856
  ],
  [
    38.0,
    38.2099463490856,
    40.26164427839479,
    41.785164831552358,
    44.294469180700204,
    48.010415536631214,
    52.3450093132096,
    59.665735560705194,
    69.6419413859206,
    78.294316524253531,
    75.584389922787622,
    73.16419889536138,
    71.112586790244109,
    71.112586790244109,
    58.051701094799967,
    54.405882034941776,
    54.12947441089743,
    52.153619241621193,
    51.855568649856693,
    52.3450093132096,
    52.201532544552748,
    53.712196007983138,
    55.713553108736477,
    29.832867780352597,
    26.1725046566048,
    24.0,
    24.186773244895647,
    24.738633753705962,
    26.570660511172846,
    33.120990323358392,
    42.201895692018383,
    53.075418038862395,
    65.299310869258036,
    78.230428862431779,
    27.313000567495326,
    38.897300677553446,
    76.2954782408499,
    68.117545463705611,
    47.095647357266465,
    35.510561809129406,
    84.118963379252364,
    58.600341295934449,
    46.324939287601879,
    39.05124837953327,
    65.79513659838392,
    54.405882034941776,
    46.529560496527367,
    41.785164831552358,
    39.05124837953327,
    38.2099463490856
  ],
  [
    41.0,
    38.2099463490856,
    37.107950630558946,
    36.400549446402593,
    37.589892258425,
    39.408120990476064,
    42.449970553582247,
    45.453272709454048,
    50.774009099144415,
    58.600341295934449,
    71.470273540822546,
    78.262379212492633,
    77.103826104804938,
    77.103826104804938,
    77.278716345446625,
    74.632432628181164,
    59.506302187247357,
    56.603886792339623,
    55.443665102516448,
    54.488530903301111,
    53.009433122794285,
    52.354560450833695,
    53.488316481265329,
    53.600373133029585,
    55.443665102516448,
    30.0,
    26.1725046566048,
    24.738633753705962,
    24.698178070456937,
    25.059928172283335,
    27.202941017470888,
    31.144823004794873,
    37.643060449437421,
    48.548944375753422,
    63.071388124885914,
    79.6994353806851,
    27.459060435491963,
    29.017236257093817,
    68.117545463705611,
    86.49277426467485,
    55.659680200302986,
    37.576588456111871,
    87.664131775772461,
    70.292247083159893,
    50.24937810560445,
    42.201895692018383,
    81.884064383737083,
    61.098281481560512,
    50.447993022517757,
    44.283179650969061
  ],
  [
    46.0,
    41.303752856126764,
    39.05124837953327,
    37.336309405188942,
    37.589892258425,
    38.013155617496423,
    39.6232255123179,
    42.638011210655684,
    46.324939287601879,
    50.566787519082126,
    59.774576535513823,
    74.330343736592525,
    78.10249675906654,
    78.10249675906654,
    78.262379212492633,
    79.6994353806851,
    72.917761896536561,
    60.207972893961475,
    58.258046654518033,
    57.3149195236284,
    55.21775076911409,
    54.589376255824725,
    54.78138369920935,
    54.571054598569013,
    55.443665102516448,
    57.0,
    31.256999216175569,
    27.658633371878661,
    25.632011235952593,
    26.419689627245813,
    27.202941017470888,
    28.319604517012593,
    32.649655434629018,
    39.11521443121589,
    49.658836071740545,
    64.195015382816138,
    82.37718130647589,
    27.018512172212592,
    27.018512172212592,
    62.968245965724662,
    88.232647019116456,
    58.600341295934449,
    39.11521443121589,
    89.498603341057787,
    76.4198926981712,
    55.21775076911409,
    43.416586692184822,
    36.400549446402593,
    65.969690009882569,
    52.3450093132096
  ],
  [
    48.0,
    43.289721643826724,
    40.26164427839479,
    38.626415831655933,
    36.235341863986875,
    37.20215047547655,
    39.6232255123179,
    41.231056256176608,
    44.10215414239989,
    48.332183894378289,
    55.659680200302986,
    69.2314957226839,
    77.103826104804938,
    77.103826104804938,
    78.262379212492633,
    79.6994353806851,
    77.388629655783419,
    63.812224534175265,
    59.665735560705194,
    58.728187440104094,
    56.612719418872643,
    55.470712993434653,
    54.78138369920935,
    55.542776307995261,
    56.435804238089851,
    57.0,
    33.241540277189323,
    28.861739379323623,
    26.570660511172846,
    26.419689627245813,
    27.202941017470888,
    28.319604517012593,
    31.240998703626616,
    37.735924528226413,
    46.518813398452032,
    61.032778078668514,
    80.4114419718985,
    28.0178514522438,
    27.018512172212592,
    47.675989764240867,
    88.232647019116456,
    65.30696746902278,
    42.720018726587654,
    31.240998703626616,
    87.726848797845236,
    61.611687202997452,
    46.529560496527367,
    38.626415831655933,
    74.215901261117892,
    57.428216061444921
  ],
  [
    59.0,
    49.365980188789933,
    44.384682042344295,
    40.853396431630991,
    38.470768123342687,
    38.013155617496423,
    39.6232255123179,
    40.459856648287818,
    44.10215414239989,
    47.4236228055175,
    51.546095875439491,
    62.968245965724662,
    77.103826104804938,
    77.103826104804938,
    78.262379212492633,
    79.6994353806851,
    82.764726786234249,
    69.6419413859206,
    59.665735560705194,
    59.413803110051795,
    58.008620049092706,
    55.946402922797461,
    55.713553108736477,
    56.753854494650845,
    57.428216061444921,
    58.0,
    36.221540552549669,
    30.805843601498726,
    27.856776554368238,
    27.294688127912362,
    27.202941017470888,
    27.586228448267445,
    29.832867780352597,
    33.286633954186478,
    42.047592083257278,
    51.546095875439491,
    69.2314957226839,
    30.016662039607269,
    28.0178514522438,
    29.427877939124322,
    68.308125431752259,
    90.376988221560026,
    57.140178508646613,
    37.643060449437421,
    29.0,
    82.419657849326214,
    58.180752831155424,
    44.944410108488462,
    37.107950630558946,
    74.545288248151536
  ]
]