[
  [
    41.0,
    42.2965719651132,
    43.174066289845804,
    44.944410108488462,
    46.529560496527367,
    49.4064773081425,
    54.488530903301111,
    61.073725938409879,
    69.6419413859206,
    62.649820430708338,
    57.56735185849702,
    52.773099207835045,
    51.088159097779204,
    50.089919145472777,
    48.836461788299118,
    45.221676218380054,
    36.249137920783717,
    31.906112267087632,
    31.240998703626616,
    31.144823004794873,
    32.202484376209235,
    33.120990323358392,
    35.4682957019364,
    38.078865529319543,
    41.303752856126764,
    45.0,
    46.2709412050371,
    49.477267507411923,
    53.488316481265329,
    56.824290580701486,
    58.008620049092706,
    57.3149195236284,
    59.665735560705194,
    55.758407437802596,
    52.801515129776341,
    49.33558553417604,
    48.836461788299118,
    44.045431091090478,
    44.045431091090478,
    43.737855457258078,
    40.80441152620633,
    44.283179650969061,
    44.10215414239989,
    44.045431091090478,
    45.276925690687087,
    43.011626335213137,
    43.416586692184822,
    41.785164831552358,
    41.231056256176608,
    41.303752856126764
  ],
  [
    42.0,
    43.289721643826724,
    44.384682042344295,
    44.944410108488462,
    47.885279575251516,
    50.219518117958877,
    54.488530903301111,
    61.073725938409879,
    69.6419413859206,
    66.2117814289874,
    59.774576535513823,
    55.901699437494742,
    53.084837759947987,
    52.086466572421671,
    49.8196748283246,
    45.221676218380054,
    37.576588456111871,
    33.286633954186478,
    32.649655434629018,
    32.557641192199412,
    32.202484376209235,
    34.0,
    35.4682957019364,
    38.078865529319543,
    41.303752856126764,
    45.0,
    46.2709412050371,
    49.477267507411923,
    53.488316481265329,
    56.824290580701486,
    58.008620049092706,
    23.345235059857504,
    60.440052945046304,
    56.603886792339623,
    55.036351623268054,
    50.289163842720633,
    49.8196748283246,
    46.043457732885351,
    45.044422518220834,
    44.721359549995796,
    42.059481689626182,
    44.283179650969061,
    44.944410108488462,
    45.453272709454048,
    45.276925690687087,
    18.601075237738275,
    44.294469180700204,
    43.08131845707603,
    42.201895692018383,
    42.2965719651132
  ],
  [
    41.0,
    42.2965719651132,
    43.174066289845804,
    44.011362169330773,
    46.529560496527367,
    49.4064773081425,
    53.075418038862395,
    61.073725938409879,
    68.264192663504048,
    66.2117814289874,
    58.821764679410968,
    54.918120870983927,
    52.086466572421671,
    51.088159097779204,
    49.8196748283246,
    47.127486671792717,
    37.576588456111871,
    33.286633954186478,
    31.240998703626616,
    31.144823004794873,
    32.202484376209235,
    33.120990323358392,
    35.4682957019364,
    37.107950630558946,
    40.311288741492746,
    44.0,
    46.2709412050371,
    48.507731342539614,
    52.55473337388365,
    56.824290580701486,
    59.405386961116584,
    58.728187440104094,
    61.073725938409879,
    57.982756057296896,
    55.036351623268054,
    51.546095875439491,
    50.803543183522152,
    46.043457732885351,
    45.044422518220834,
    44.721359549995796,
    42.059481689626182,
    45.188494110780013,
    44.944410108488462,
    45.453272709454048,
    45.276925690687087,
    44.407206622349037,
    44.294469180700204,
    43.08131845707603,
    41.231056256176608,
    41.303752856126764
  ],
  [
    41.0,
    42.2965719651132,
    43.174066289845804,
    44.011362169330773,
    46.529560496527367,
    49.4064773081425,
    53.075418038862395,
    61.073725938409879,
    68.264192663504048,
    67.119296778199342,
    61.98386886924694,
    55.901699437494742,
    55.081757415681643,
    52.086466572421671,
    49.8196748283246,
    48.383881613611777,
    37.576588456111871,
    33.286633954186478,
    32.649655434629018,
    32.557641192199412,
    32.202484376209235,
    34.0,
    35.4682957019364,
    38.078865529319543,
    41.303752856126764,
    45.0,
    47.381430961928537,
    49.477267507411923,
    53.488316481265329,
    56.824290580701486,
    59.405386961116584,
    58.728187440104094,
    61.073725938409879,
    56.603886792339623,
    55.036351623268054,
    50.289163842720633,
    49.8196748283246,
    46.043457732885351,
    45.044422518220834,
    44.721359549995796,
    42.059481689626182,
    44.283179650969061,
    44.944410108488462,
    45.453272709454048,
    45.276925690687087,
    43.011626335213137,
    43.416586692184822,
    43.08131845707603,
    41.231056256176608,
    41.303752856126764
  ],
  [
    42.0,
    42.2965719651132,
    43.174066289845804,
    44.011362169330773,
    45.650848842053307,
    49.4064773081425,
    53.075418038862395,
    61.073725938409879,
    69.6419413859206,
    67.119296778199342,
    62.936475910238251,
    58.051701094799967,
    55.081757415681643,
    54.083269131959838,
    50.803543183522152,
    48.383881613611777,
    39.812058474788763,
    33.286633954186478,
    32.649655434629018,
    32.557641192199412,
    32.202484376209235,
    34.0,
    35.4682957019364,
    38.078865529319543,
    41.303752856126764,
    45.0,
    47.381430961928537,
    49.477267507411923,
    53.488316481265329,
    56.824290580701486,
    60.21627686929839,
    60.141499815019579,
    62.481997407253232,
    60.207972893961475,
    57.271284253105414,
    52.497618993626752,
    51.788029504896208,
    48.093658625644196,
    46.043457732885351,
    46.690470119715009,
    43.011626335213137,
    46.518813398452032,
    46.324939287601879,
    46.227697325304881,
    46.690470119715009,
    44.407206622349037,
    44.294469180700204,
    43.08131845707603,
    41.231056256176608,
    41.303752856126764
  ],
  [
    42.0,
    42.2965719651132,
    43.174066289845804,
    44.011362169330773,
    45.650848842053307,
    48.010415536631214,
    50.931326312987373,
    58.258046654518033,
    65.192024052026483,
    71.589105316381762,
    66.098411478642959,
    62.968245965724662,
    59.076221950967721,
    57.078892771321343,
    55.901699437494742,
    51.546095875439491,
    44.283179650969061,
    35.510561809129406,
    32.649655434629018,
    32.557641192199412,
    33.015148038438355,
    34.0,
    35.4682957019364,
    36.138621999185304,
    39.319206502675,
    43.0,
    46.2709412050371,
    48.507731342539614,
    50.328918128646478,
    54.589376255824725,
    59.405386961116584,
    61.554853586049575,
    62.481997407253232,
    65.192024052026483,
    60.415229867972862,
    57.56735185849702,
    54.918120870983927,
    53.084837759947987,
    48.093658625644196,
    47.675989764240867,
    46.173585522460783,
    45.188494110780013,
    46.324939287601879,
    46.861498055439924,
    46.690470119715009,
    46.61544808322666,
    45.650848842053307,
    44.944410108488462,
    42.201895692018383,
    42.2965719651132
  ],
  [
    43.0,
    43.289721643826724,
    44.384682042344295,
    44.944410108488462,
    45.650848842053307,
    48.010415536631214,
    52.3450093132096,
    58.258046654518033,
    65.192024052026483,
    71.589105316381762,
    66.098411478642959,
    62.968245965724662,
    60.074953183502359,
    58.077534382926416,
    56.885850613311568,
    52.497618993626752,
    44.283179650969061,
    35.510561809129406,
    32.649655434629018,
    32.557641192199412,
    32.202484376209235,
    33.120990323358392,
    34.176014981270121,
    36.138621999185304,
    39.319206502675,
    41.0,
    44.283179650969061,
    47.296934361541872,
    49.396356140913873,
    53.712196007983138,
    57.201398584300364,
    61.554853586049575,
    62.481997407253232,
    63.812224534175265,
    63.976558206893252,
    59.774576535513823,
    54.918120870983927,
    54.083269131959838,
    51.088159097779204,
    47.675989764240867,
    47.127486671792717,
    45.188494110780013,
    47.169905660283021,
    48.270073544588683,
    48.104053883222775,
    47.201694884823787,
    45.650848842053307,
    46.238512086787566,
    43.174066289845804,
    42.2965719651132
  ],
  [
    42.0,
    42.2965719651132,
    43.174066289845804,
    44.011362169330773,
    45.650848842053307,
    48.010415536631214,
    50.24937810560445,
    56.080299571239813,
    63.812224534175265,
    72.917761896536561,
    67.357256476195644,
    64.132674979295857,
    60.074953183502359,
    58.077534382926416,
    55.901699437494742,
    52.497618993626752,
    46.518813398452032,
    36.359317925395686,
    33.421549934136806,
    33.241540277189323,
    34.409301068170507,
    34.0,
    35.4682957019364,
    37.107950630558946,
    39.319206502675,
    43.0,
    46.2709412050371,
    48.507731342539614,
    50.328918128646478,
    54.589376255824725,
    59.405386961116584,
    62.241465278381739,
    62.481997407253232,
    66.037867924396224,
    62.649820430708338,
    59.774576535513823,
    54.918120870983927,
    54.083269131959838,
    49.091750834534309,
    47.675989764240867,
    46.173585522460783,
    44.283179650969061,
    46.324939287601879,
    46.861498055439924,
    48.104053883222775,
    46.61544808322666,
    45.650848842053307,
    44.944410108488462,
    43.174066289845804,
    42.2965719651132
  ],
  [
    41.0,
    41.303752856126764,
    42.201895692018383,
    44.011362169330773,
    45.650848842053307,
    48.010415536631214,
    53.075418038862395,
    59.665735560705194,
    67.4166151627327,
    71.589105316381762,
    66.098411478642959,
    61.98386886924694,
    58.077534382926416,
    56.080299571239813,
    53.9351462406472,
    51.546095875439491,
    42.047592083257278,
    35.510561809129406,
    34.058772731852805,
    33.97057550292606,
    34.409301068170507,
    35.355339059327378,
    37.336309405188942,
    39.05124837953327,
    42.2965719651132,
    46.0,
    49.365980188789933,
    50.447993022517757,
    51.623637996561229,
    53.712196007983138,
    56.612719418872643,
    58.728187440104094,
    51.855568649856693,
    59.363288318623319,
    62.649820430708338,
    59.774576535513823,
    55.901699437494742,
    55.081757415681643,
    48.093658625644196,
    48.836461788299118,
    46.173585522460783,
    46.518813398452032,
    47.169905660283021,
    46.861498055439924,
    46.690470119715009,
    44.407206622349037,
    45.650848842053307,
    43.08131845707603,
    41.231056256176608,
    40.311288741492746
  ],
  [
    41.0,
    41.303752856126764,
    42.201895692018383,
    44.011362169330773,
    46.529560496527367,
    49.4064773081425,
    53.075418038862395,
    61.073725938409879,
    67.4166151627327,
    68.4470598345904,
    64.195015382816138,
    58.051701094799967,
    56.080299571239813,
    54.083269131959838,
    50.803543183522152,
    48.383881613611777,
    39.812058474788763,
    34.132096331752024,
    32.649655434629018,
    32.557641192199412,
    33.015148038438355,
    35.355339059327378,
    37.336309405188942,
    40.26164427839479,
    44.283179650969061,
    48.0,
    49.365980188789933,
    50.447993022517757,
    52.55473337388365,
    55.470712993434653,
    58.008620049092706,
    55.172456896534889,
    53.2634959423431,
    59.363288318623319,
    60.415229867972862,
    53.450912059571067,
    53.9351462406472,
    52.086466572421671,
    47.095647357266465,
    47.675989764240867,
    45.221676218380054,
    46.518813398452032,
    46.324939287601879,
    46.227697325304881,
    46.690470119715009,
    44.407206622349037,
    44.294469180700204,
    41.785164831552358,
    41.231056256176608,
    41.303752856126764
  ],
  [
    41.0,
    41.303752856126764,
    42.201895692018383,
    44.011362169330773,
    45.650848842053307,
    49.4064773081425,
    54.488530903301111,
    61.073725938409879,
    69.6419413859206,
    66.2117814289874,
    61.98386886924694,
    56.885850613311568,
    54.083269131959838,
    52.086466572421671,
    49.8196748283246,
    48.383881613611777,
    39.812058474788763,
    34.132096331752024,
    32.649655434629018,
    32.557641192199412,
    34.409301068170507,
    35.355339059327378,
    38.626415831655933,
    40.26164427839479,
    45.276925690687087,
    49.0,
    50.358713248056688,
    51.419840528729765,
    53.488316481265329,
    55.946402922797461,
    58.008620049092706,
    52.3450093132096,
    56.080299571239813,
    60.207972893961475,
    59.506302187247357,
    54.405882034941776,
    53.9351462406472,
    50.089919145472777,
    47.095647357266465,
    46.690470119715009,
    45.221676218380054,
    46.518813398452032,
    46.324939287601879,
    46.227697325304881,
    45.276925690687087,
    44.407206622349037,
    44.294469180700204,
    41.785164831552358,
    40.26164427839479,
    41.303752856126764
  ],
  [
    42.0,
    42.2965719651132,
    43.174066289845804,
    44.944410108488462,
    46.529560496527367,
    50.219518117958877,
    54.488530903301111,
    62.481997407253232,
    69.6419413859206,
    63.976558206893252,
    60.728905802755904,
    55.901699437494742,
    54.083269131959838,
    51.088159097779204,
    48.836461788299118,
    47.127486671792717,
    37.576588456111871,
    33.286633954186478,
    32.649655434629018,
    32.557641192199412,
    34.409301068170507,
    35.355339059327378,
    37.336309405188942,
    40.26164427839479,
    45.276925690687087,
    48.0,
    49.365980188789933,
    50.447993022517757,
    52.55473337388365,
    54.589376255824725,
    56.612719418872643,
    50.931326312987373,
    54.671747731346578,
    59.363288318623319,
    58.600341295934449,
    52.497618993626752,
    52.773099207835045,
    50.089919145472777,
    47.095647357266465,
    46.690470119715009,
    43.965895873961216,
    46.518813398452032,
    46.324939287601879,
    46.227697325304881,
    46.690470119715009,
    44.407206622349037,
    44.294469180700204,
    41.785164831552358,
    43.174066289845804,
    43.289721643826724
  ],
  [
    45.0,
    41.303752856126764,
    42.201895692018383,
    43.08131845707603,
    45.650848842053307,
    49.4064773081425,
    53.075418038862395,
    60.440052945046304,
    69.6419413859206,
    62.649820430708338,
    59.774576535513823,
    54.918120870983927,
    53.084837759947987,
    52.086466572421671,
    48.836461788299118,
    48.383881613611777,
    37.576588456111871,
    34.132096331752024,
    32.649655434629018,
    33.241540277189323,
    34.409301068170507,
    36.235341863986875,
    38.626415831655933,
    42.201895692018383,
    47.381430961928537,
    50.0,
    50.358713248056688,
    51.419840528729765,
    53.488316481265329,
    56.824290580701486,
    56.612719418872643,
    49.51767361255979,
    56.080299571239813,
    59.363288318623319,
    57.271284253105414,
    53.450912059571067,
    51.788029504896208,
    46.043457732885351,
    46.043457732885351,
    44.721359549995796,
    43.965895873961216,
    45.188494110780013,
    46.324939287601879,
    45.453272709454048,
    43.863424398922618,
    43.011626335213137,
    43.416586692184822,
    40.853396431630991,
    46.324939287601879,
    46.2709412050371
  ],
  [
    41.0,
    41.303752856126764,
    42.201895692018383,
    44.011362169330773,
    45.650848842053307,
    49.4064773081425,
    56.586217403180434,
    62.481997407253232,
    67.4166151627327,
    60.415229867972862,
    56.612719418872643,
    52.773099207835045,
    51.088159097779204,
    50.089919145472777,
    47.675989764240867,
    45.221676218380054,
    37.576588456111871,
    33.286633954186478,
    32.649655434629018,
    33.241540277189323,
    34.409301068170507,
    37.589892258425,
    39.560080889704963,
    44.384682042344295,
    47.381430961928537,
    50.0,
    50.358713248056688,
    51.419840528729765,
    54.78138369920935,
    55.470712993434653,
    54.405882034941776,
    49.51767361255979,
    56.080299571239813,
    59.363288318623319,
    55.036351623268054,
    52.497618993626752,
    50.803543183522152,
    46.043457732885351,
    46.043457732885351,
    43.737855457258078,
    45.221676218380054,
    45.188494110780013,
    44.944410108488462,
    45.453272709454048,
    43.863424398922618,
    44.407206622349037,
    42.059481689626182,
    40.853396431630991,
    40.26164427839479,
    40.311288741492746
  ],
  [
    43.0,
    44.283179650969061,
    46.324939287601879,
    49.396356140913873,
    53.712196007983138,
    58.008620049092706,
    64.381674411279491,
    70.292247083159893,
    65.192024052026483,
    59.506302187247357,
    54.405882034941776,
    52.773099207835045,
    50.089919145472777,
    47.095647357266465,
    42.7551166528639,
    35.735136770411273,
    33.1058907144937,
    33.286633954186478,
    34.828149534535996,
    36.069377593742864,
    38.013155617496423,
    41.182520563948,
    46.238512086787566,
    49.477267507411923,
    50.358713248056688,
    53.0,
    55.443665102516448,
    57.723478758647246,
    60.166435825965294,
    55.946402922797461,
    55.21775076911409,
    60.141499815019579,
    62.481997407253232,
    56.603886792339623,
    52.801515129776341,
    52.497618993626752,
    46.690470119715009,
    46.043457732885351,
    46.043457732885351,
    42.7551166528639,
    45.221676218380054,
    46.518813398452032,
    46.324939287601879,
    45.453272709454048,
    43.863424398922618,
    44.407206622349037,
    41.182520563948,
    40.853396431630991,
    41.231056256176608,
    42.2965719651132
  ],
  [
    50.0,
    60.406953242155822,
    61.846584384264908,
    74.094534211370814,
    86.353922898731128,
    100.20977996183805,
    87.726848797845236,
    77.466121627457255,
    71.021123618258812,
    66.2117814289874,
    62.936475910238251,
    61.0,
    60.074953183502359,
    60.074953183502359,
    53.9351462406472,
    45.221676218380054,
    45.188494110780013,
    42.720018726587654,
    40.459856648287818,
    37.483329627982627,
    35.805027579936315,
    35.355339059327378,
    38.626415831655933,
    44.384682042344295,
    53.338541412378348,
    65.0,
    69.462219947249025,
    76.400261779656233,
    81.706792863261981,
    81.884064383737083,
    81.60882305241266,
    84.8999411071645,
    77.466121627457255,
    74.625732827222535,
    66.2117814289874,
    64.195015382816138,
    59.033888572581766,
    59.076221950967721,
    55.081757415681643,
    49.8196748283246,
    45.221676218380054,
    40.718546143004666,
    37.735924528226413,
    37.643060449437421,
    38.2099463490856,
    37.20215047547655,
    38.470768123342687,
    38.626415831655933,
    43.174066289845804,
    47.381430961928537
  ],
  [
    45.0,
    45.276925690687087,
    53.600373133029585,
    57.9396237474839,
    69.354163537598808,
    79.404030124421269,
    91.285267157411553,
    83.096329642168911,
    75.471849056452825,
    70.682388188289167,
    67.357256476195644,
    65.115282384398824,
    64.1248781675256,
    64.1248781675256,
    65.115282384398824,
    67.357256476195644,
    54.12947441089743,
    56.603886792339623,
    50.447993022517757,
    46.690470119715009,
    42.201895692018383,
    37.589892258425,
    35.4682957019364,
    37.107950630558946,
    40.311288741492746,
    45.0,
    51.35172830587107,
    61.846584384264908,
    66.483080554378645,
    70.710678118654755,
    75.213030785895072,
    78.5175139698144,
    73.878278269055514,
    80.454956342042721,
    80.529497701152962,
    73.375745311376562,
    71.196910045310247,
    62.072538211353979,
    60.074953183502359,
    56.885850613311568,
    54.405882034941776,
    52.801515129776341,
    48.548944375753422,
    46.227697325304881,
    46.690470119715009,
    45.803929962395145,
    46.529560496527367,
    44.944410108488462,
    43.174066289845804,
    44.283179650969061
  ],
  [
    40.0,
    40.311288741492746,
    40.26164427839479,
    41.785164831552358,
    44.294469180700204,
    48.010415536631214,
    53.075418038862395,
    61.073725938409879,
    76.8505042273634,
    69.354163537598808,
    66.098411478642959,
    66.098411478642959,
    65.12296062065974,
    63.126856408346519,
    55.901699437494742,
    54.405882034941776,
    51.894122981316485,
    48.548944375753422,
    39.05124837953327,
    33.97057550292606,
    33.015148038438355,
    33.120990323358392,
    34.176014981270121,
    36.138621999185304,
    38.2099463490856,
    41.0,
    44.283179650969061,
    49.477267507411923,
    53.488316481265329,
    55.470712993434653,
    58.008620049092706,
    61.554853586049575,
    64.660652641308843,
    60.207972893961475,
    63.071388124885914,
    67.357256476195644,
    66.098411478642959,
    60.074953183502359,
    59.076221950967721,
    51.788029504896208,
    51.546095875439491,
    48.332183894378289,
    48.548944375753422,
    48.270073544588683,
    48.104053883222775,
    46.61544808322666,
    44.294469180700204,
    44.011362169330773,
    43.174066289845804,
    42.2965719651132
  ],
  [
    42.0,
    41.303752856126764,
    41.231056256176608,
    41.785164831552358,
    42.059481689626182,
    44.407206622349037,
    46.690470119715009,
    51.855568649856693,
    59.363288318623319,
    69.354163537598808,
    65.145989899609319,
    64.132674979295857,
    60.074953183502359,
    58.077534382926416,
    56.885850613311568,
    55.659680200302986,
    54.12947441089743,
    41.340053217188775,
    36.235341863986875,
    33.241540277189323,
    33.015148038438355,
    33.120990323358392,
    34.176014981270121,
    36.138621999185304,
    38.2099463490856,
    40.0,
    43.289721643826724,
    47.296934361541872,
    49.396356140913873,
    51.478150704935004,
    53.009433122794285,
    56.586217403180434,
    58.258046654518033,
    55.758407437802596,
    54.12947441089743,
    61.032778078668514,
    61.98386886924694,
    55.081757415681643,
    55.081757415681643,
    53.9351462406472,
    47.127486671792717,
    47.4236228055175,
    44.10215414239989,
    46.227697325304881,
    46.690470119715009,
    46.61544808322666,
    46.529560496527367,
    44.944410108488462,
    44.384682042344295,
    42.2965719651132
  ],
  [
    42.0,
    41.303752856126764,
    41.231056256176608,
    41.785164831552358,
    42.059481689626182,
    43.011626335213137,
    45.276925690687087,
    48.270073544588683,
    55.758407437802596,
    63.976558206893252,
    67.357256476195644,
    62.968245965724662,
    62.072538211353979,
    60.074953183502359,
    58.051701094799967,
    58.821764679410968,
    56.36488268416781,
    50.774009099144415,
    39.05124837953327,
    35.383612025908263,
    34.409301068170507,
    34.0,
    34.176014981270121,
    34.928498393145958,
    36.221540552549669,
    38.0,
    41.303752856126764,
    44.384682042344295,
    47.169905660283021,
    49.244289008980523,
    50.219518117958877,
    52.3450093132096,
    55.443665102516448,
    57.982756057296896,
    55.036351623268054,
    55.659680200302986,
    61.0,
    62.072538211353979,
    57.078892771321343,
    54.918120870983927,
    51.546095875439491,
    46.518813398452032,
    46.324939287601879,
    43.278170016764804,
    45.276925690687087,
    45.803929962395145,
    46.529560496527367,
    46.238512086787566,
    44.384682042344295,
    44.283179650969061
  ],
  [
    42.0,
    42.2965719651132,
    41.231056256176608,
    41.785164831552358,
    42.059481689626182,
    43.011626335213137,
    45.276925690687087,
    48.270073544588683,
    55.758407437802596,
    63.071388124885914,
    66.098411478642959,
    64.132674979295857,
    61.073725938409879,
    59.076221950967721,
    58.051701094799967,
    57.56735185849702,
    56.36488268416781,
    50.774009099144415,
    39.05124837953327,
    35.383612025908263,
    33.015148038438355,
    33.120990323358392,
    34.176014981270121,
    34.928498393145958,
    35.227829907617071,
    37.0,
    40.311288741492746,
    43.174066289845804,
    47.169905660283021,
    49.244289008980523,
    50.219518117958877,
    52.3450093132096,
    55.443665102516448,
    57.982756057296896,
    57.271284253105414,
    54.405882034941776,
    61.98386886924694,
    63.126856408346519,
    60.074953183502359,
    55.901699437494742,
    54.405882034941776,
    47.4236228055175,
    47.169905660283021,
    45.453272709454048,
    45.276925690687087,
    46.61544808322666,
    47.885279575251516,
    47.169905660283021,
    45.354161881794269,
    45.276925690687087
  ],
  [
    45.0,
    43.289721643826724,
    42.201895692018383,
    41.785164831552358,
    42.059481689626182,
    42.201895692018383,
    43.863424398922618,
    45.453272709454048,
    48.548944375753422,
    58.600341295934449,
    68.308125431752259,
    66.098411478642959,
    65.12296062065974,
    63.126856408346519,
    61.0,
    59.774576535513823,
    59.506302187247357,
    59.363288318623319,
    48.270073544588683,
    39.6232255123179,
    37.20215047547655,
    35.355339059327378,
    35.4682957019364,
    36.138621999185304,
    37.215588131856791,
    38.0,
    39.319206502675,
    42.201895692018383,
    44.944410108488462,
    47.885279575251516,
    50.219518117958877,
    52.3450093132096,
    54.671747731346578,
    56.603886792339623,
    59.506302187247357,
    55.659680200302986,
    58.051701094799967,
    63.126856408346519,
    64.1248781675256,
    58.051701094799967,
    55.659680200302986,
    51.894122981316485,
    46.324939287601879,
    45.453272709454048,
    43.863424398922618,
    44.407206622349037,
    45.650848842053307,
    47.169905660283021,
    46.324939287601879,
    45.276925690687087
  ],
  [
    46.0,
    45.276925690687087,
    42.201895692018383,
    41.785164831552358,
    42.059481689626182,
    42.201895692018383,
    43.863424398922618,
    44.045431091090478,
    48.548944375753422,
    52.801515129776341,
    64.195015382816138,
    68.066144300966542,
    67.119296778199342,
    65.12296062065974,
    62.968245965724662,
    60.728905802755904,
    61.741396161732524,
    59.363288318623319,
    53.2634959423431,
    42.449970553582247,
    38.013155617496423,
    35.355339059327378,
    35.4682957019364,
    36.138621999185304,
    36.221540552549669,
    37.0,
    38.2099463490856,
    41.231056256176608,
    44.011362169330773,
    47.885279575251516,
    50.219518117958877,
    52.3450093132096,
    53.2634959423431,
    56.603886792339623,
    59.506302187247357,
    58.821764679410968,
    53.9351462406472,
    63.126856408346519,
    65.12296062065974,
    62.968245965724662,
    56.612719418872643,
    55.036351623268054,
    48.548944375753422,
    46.861498055439924,
    45.276925690687087,
    43.011626335213137,
    45.650848842053307,
    46.238512086787566,
    47.296934361541872,
    46.2709412050371
  ],
  [
    47.0,
    47.381430961928537,
    44.384682042344295,
    43.08131845707603,
    43.416586692184822,
    44.407206622349037,
    45.276925690687087,
    45.453272709454048,
    49.396356140913873,
    54.12947441089743,
    64.195015382816138,
    68.066144300966542,
    67.119296778199342,
    65.12296062065974,
    62.968245965724662,
    60.728905802755904,
    62.649820430708338,
    59.363288318623319,
    53.2634959423431,
    42.449970553582247,
    37.20215047547655,
    35.355339059327378,
    35.4682957019364,
    36.138621999185304,
    36.221540552549669,
    37.0,
    38.2099463490856,
    40.26164427839479,
    43.08131845707603,
    46.529560496527367,
    50.219518117958877,
    50.931326312987373,
    53.2634959423431,
    56.603886792339623,
    59.506302187247357,
    59.774576535513823,
    53.9351462406472,
    63.126856408346519,
    65.12296062065974,
    64.132674979295857,
    56.612719418872643,
    56.36488268416781,
    50.774009099144415,
    48.270073544588683,
    46.690470119715009,
    44.407206622349037,
    46.529560496527367,
    48.466483264210538,
    48.507731342539614,
    47.381430961928537
  ],
  [
    47.0,
    47.381430961928537,
    44.384682042344295,
    43.08131845707603,
    43.416586692184822,
    43.011626335213137,
    43.863424398922618,
    45.453272709454048,
    48.548944375753422,
    51.894122981316485,
    59.774576535513823,
    71.196910045310247,
    67.119296778199342,
    68.117545463705611,
    64.132674979295857,
    62.936475910238251,
    61.741396161732524,
    59.363288318623319,
    56.080299571239813,
    45.276925690687087,
    38.013155617496423,
    35.355339059327378,
    35.4682957019364,
    34.928498393145958,
    35.227829907617071,
    36.0,
    37.215588131856791,
    39.05124837953327,
    41.785164831552358,
    45.650848842053307,
    50.219518117958877,
    52.3450093132096,
    53.2634959423431,
    55.758407437802596,
    59.506302187247357,
    61.98386886924694,
    56.885850613311568,
    62.072538211353979,
    66.121101019266163,
    66.098411478642959,
    56.612719418872643,
    57.271284253105414,
    53.0,
    48.270073544588683,
    48.104053883222775,
    45.803929962395145,
    45.650848842053307,
    48.466483264210538,
    48.507731342539614,
    48.373546489791295
  ],
  [
    47.0,
    47.381430961928537,
    44.384682042344295,
    43.08131845707603,
    43.416586692184822,
    43.011626335213137,
    43.863424398922618,
    45.453272709454048,
    48.548944375753422,
    51.894122981316485,
    59.774576535513823,
    70.213958726167832,
    67.119296778199342,
    67.119296778199342,
    65.115282384398824,
    64.195015382816138,
    61.741396161732524,
    59.363288318623319,
    58.258046654518033,
    46.690470119715009,
    38.013155617496423,
    35.355339059327378,
    35.4682957019364,
    34.928498393145958,
    35.227829907617071,
    36.0,
    37.215588131856791,
    39.05124837953327,
    41.785164831552358,
    45.650848842053307,
    49.4064773081425,
    50.931326312987373,
    53.2634959423431,
    55.758407437802596,
    59.506302187247357,
    60.728905802755904,
    56.885850613311568,
    62.072538211353979,
    65.12296062065974,
    66.098411478642959,
    55.659680200302986,
    57.271284253105414,
    54.378304497290095,
    48.270073544588683,
    48.104053883222775,
    45.803929962395145,
    45.650848842053307,
    47.169905660283021,
    48.507731342539614,
    48.373546489791295
  ],
  [
    47.0,
    47.381430961928537,
    45.354161881794269,
    44.011362169330773,
    43.416586692184822,
    44.407206622349037,
    43.863424398922618,
    45.453272709454048,
    48.548944375753422,
    51.894122981316485,
    59.774576535513823,
    71.196910045310247,
    68.117545463705611,
    67.119296778199342,
    64.132674979295857,
    64.195015382816138,
    62.649820430708338,
    60.207972893961475,
    58.258046654518033,
    46.690470119715009,
    38.013155617496423,
    35.355339059327378,
    34.176014981270121,
    34.928498393145958,
    35.227829907617071,
    36.0,
    37.215588131856791,
    39.05124837953327,
    41.785164831552358,
    45.650848842053307,
    49.4064773081425,
    50.24937810560445,
    53.2634959423431,
    55.758407437802596,
    58.600341295934449,
    60.728905802755904,
    56.885850613311568,
    60.074953183502359,
    65.12296062065974,
    65.115282384398824,
    58.821764679410968,
    57.271284253105414,
    54.378304497290095,
    48.270073544588683,
    48.104053883222775,
    45.803929962395145,
    45.650848842053307,
    47.169905660283021,
    48.507731342539614,
    48.373546489791295
  ],
  [
    47.0,
    47.381430961928537,
    45.354161881794269,
    43.08131845707603,
    43.416586692184822,
    43.011626335213137,
    43.863424398922618,
    45.453272709454048,
    46.324939287601879,
    50.566787519082126,
    57.56735185849702,
    71.196910045310247,
    67.119296778199342,
    67.119296778199342,
    66.098411478642959,
    62.936475910238251,
    61.741396161732524,
    61.587336360651285,
    59.665735560705194,
    49.51767361255979,
    39.408120990476064,
    36.235341863986875,
    35.4682957019364,
    34.928498393145958,
    35.227829907617071,
    36.0,
    37.215588131856791,
    39.05124837953327,
    41.785164831552358,
    45.650848842053307,
    49.4064773081425,
    52.3450093132096,
    53.2634959423431,
    55.758407437802596,
    59.506302187247357,
    61.98386886924694,
    59.033888572581766,
    61.073725938409879,
    66.121101019266163,
    67.082039324993687,
    58.821764679410968,
    57.271284253105414,
    54.378304497290095,
    48.270073544588683,
    48.104053883222775,
    45.803929962395145,
    45.650848842053307,
    47.169905660283021,
    48.507731342539614,
    48.373546489791295
  ],
  [
    47.0,
    46.2709412050371,
    45.354161881794269,
    43.08131845707603,
    43.416586692184822,
    43.011626335213137,
    43.863424398922618,
    44.045431091090478,
    46.324939287601879,
    50.566787519082126,
    56.612719418872643,
    72.180329730474355,
    68.117545463705611,
    68.117545463705611,
    66.098411478642959,
    62.936475910238251,
    62.649820430708338,
    61.587336360651285,
    60.440052945046304,
    50.24937810560445,
    40.80441152620633,
    36.235341863986875,
    35.4682957019364,
    36.138621999185304,
    36.221540552549669,
    37.0,
    37.215588131856791,
    40.26164427839479,
    43.08131845707603,
    45.650848842053307,
    49.4064773081425,
    52.3450093132096,
    53.2634959423431,
    56.603886792339623,
    59.506302187247357,
    61.98386886924694,
    59.033888572581766,
    61.073725938409879,
    66.121101019266163,
    67.082039324993687,
    58.821764679410968,
    57.271284253105414,
    54.378304497290095,
    48.270073544588683,
    48.104053883222775,
    45.803929962395145,
    45.650848842053307,
    47.169905660283021,
    48.507731342539614,
    48.373546489791295
  ],
  [
    48.0,
    47.381430961928537,
    47.296934361541872,
    44.011362169330773,
    44.294469180700204,
    44.407206622349037,
    43.863424398922618,
    45.453272709454048,
    46.324939287601879,
    50.566787519082126,
    55.659680200302986,
    68.066144300966542,
    68.117545463705611,
    68.117545463705611,
    65.115282384398824,
    64.195015382816138,
    62.649820430708338,
    61.587336360651285,
    59.665735560705194,
    50.24937810560445,
    40.80441152620633,
    36.235341863986875,
    34.176014981270121,
    34.928498393145958,
    35.227829907617071,
    36.0,
    37.215588131856791,
    38.078865529319543,
    40.853396431630991,
    44.294469180700204,
    48.010415536631214,
    50.931326312987373,
    53.2634959423431,
    55.758407437802596,
    58.600341295934449,
    61.98386886924694,
    61.0,
    58.077534382926416,
    64.1248781675256,
    66.098411478642959,
    64.195015382816138,
    57.271284253105414,
    56.603886792339623,
    50.447993022517757,
    48.104053883222775,
    47.201694884823787,
    44.294469180700204,
    47.169905660283021,
    48.507731342539614,
    49.365980188789933
  ],
  [
    48.0,
    47.381430961928537,
    47.296934361541872,
    44.011362169330773,
    43.416586692184822,
    44.407206622349037,
    43.863424398922618,
    45.453272709454048,
    46.324939287601879,
    50.566787519082126,
    55.659680200302986,
    65.115282384398824,
    69.1158447825099,
    69.1158447825099,
    64.132674979295857,
    64.195015382816138,
    62.649820430708338,
    61.587336360651285,
    60.440052945046304,
    52.3450093132096,
    40.80441152620633,
    36.235341863986875,
    35.4682957019364,
    34.928498393145958,
    35.227829907617071,
    36.0,
    37.215588131856791,
    40.26164427839479,
    41.785164831552358,
    44.294469180700204,
    48.010415536631214,
    50.931326312987373,
    53.2634959423431,
    55.758407437802596,
    58.600341295934449,
    61.032778078668514,
    60.016664352494629,
    58.077534382926416,
    64.1248781675256,
    66.098411478642959,
    62.936475910238251,
    56.36488268416781,
    55.758407437802596,
    50.447993022517757,
    48.104053883222775,
    46.61544808322666,
    44.294469180700204,
    47.169905660283021,
    48.507731342539614,
    48.373546489791295
  ],
  [
    47.0,
    46.2709412050371,
    43.174066289845804,
    43.08131845707603,
    43.416586692184822,
    44.407206622349037,
    45.276925690687087,
    46.861498055439924,
    50.774009099144415,
    54.12947441089743,
    61.98386886924694,
    71.196910045310247,
    68.117545463705611,
    67.119296778199342,
    64.132674979295857,
    61.032778078668514,
    61.741396161732524,
    57.982756057296896,
    53.2634959423431,
    41.036569057366385,
    35.805027579936315,
    35.355339059327378,
    34.176014981270121,
    34.928498393145958,
    36.221540552549669,
    37.0,
    39.319206502675,
    42.201895692018383,
    44.944410108488462,
    49.244289008980523,
    51.61395160225576,
    53.075418038862395,
    56.080299571239813,
    59.363288318623319,
    61.741396161732524,
    58.821764679410968,
    60.016664352494629,
    65.12296062065974,
    66.121101019266163,
    58.051701094799967,
    57.56735185849702,
    55.036351623268054,
    47.169905660283021,
    48.270073544588683,
    46.690470119715009,
    44.407206622349037,
    47.885279575251516,
    48.466483264210538,
    48.507731342539614,
    46.2709412050371
  ],
  [
    47.0,
    45.276925690687087,
    43.174066289845804,
    43.08131845707603,
    43.416586692184822,
    44.407206622349037,
    45.276925690687087,
    46.861498055439924,
    50.774009099144415,
    56.36488268416781,
    64.195015382816138,
    71.196910045310247,
    68.117545463705611,
    65.12296062065974,
    62.968245965724662,
    60.728905802755904,
    59.506302187247357,
    57.140178508646613,
    51.855568649856693,
    39.6232255123179,
    34.409301068170507,
    34.0,
    34.176014981270121,
    34.928498393145958,
    35.227829907617071,
    37.0,
    39.319206502675,
    41.231056256176608,
    44.944410108488462,
    49.244289008980523,
    51.61395160225576,
    53.075418038862395,
    56.080299571239813,
    59.363288318623319,
    61.741396161732524,
    57.56735185849702,
    60.016664352494629,
    65.12296062065974,
    66.121101019266163,
    58.051701094799967,
    57.56735185849702,
    54.12947441089743,
    48.548944375753422,
    48.270073544588683,
    46.690470119715009,
    45.803929962395145,
    47.885279575251516,
    49.396356140913873,
    48.507731342539614,
    46.2709412050371
  ],
  [
    47.0,
    44.283179650969061,
    43.174066289845804,
    43.08131845707603,
    43.416586692184822,
    44.407206622349037,
    45.276925690687087,
    46.861498055439924,
    50.774009099144415,
    56.36488268416781,
    64.195015382816138,
    71.196910045310247,
    68.117545463705611,
    64.1248781675256,
    62.968245965724662,
    59.774576535513823,
    58.600341295934449,
    56.603886792339623,
    48.270073544588683,
    38.2099463490856,
    34.409301068170507,
    33.120990323358392,
    33.241540277189323,
    33.955853692699293,
    35.227829907617071,
    37.0,
    38.2099463490856,
    41.231056256176608,
    44.944410108488462,
    49.244289008980523,
    50.219518117958877,
    52.3450093132096,
    55.443665102516448,
    59.363288318623319,
    60.415229867972862,
    55.659680200302986,
    61.0,
    65.12296062065974,
    65.12296062065974,
    54.918120870983927,
    56.612719418872643,
    52.801515129776341,
    48.548944375753422,
    48.270073544588683,
    45.276925690687087,
    45.803929962395145,
    47.885279575251516,
    48.466483264210538,
    47.296934361541872,
    46.2709412050371
  ],
  [
    43.0,
    41.303752856126764,
    41.231056256176608,
    41.785164831552358,
    42.059481689626182,
    43.011626335213137,
    45.276925690687087,
    48.270073544588683,
    52.153619241621193,
    58.600341295934449,
    68.308125431752259,
    68.066144300966542,
    66.121101019266163,
    63.126856408346519,
    60.016664352494629,
    58.821764679410968,
    55.036351623268054,
    54.378304497290095,
    42.638011210655684,
    33.97057550292606,
    32.202484376209235,
    31.76476034853718,
    32.310988842807021,
    32.984845004941285,
    35.227829907617071,
    37.0,
    39.319206502675,
    42.201895692018383,
    47.169905660283021,
    49.244289008980523,
    51.61395160225576,
    54.488530903301111,
    58.258046654518033,
    60.207972893961475,
    57.271284253105414,
    57.56735185849702,
    64.132674979295857,
    64.1248781675256,
    58.077534382926416,
    56.885850613311568,
    54.405882034941776,
    47.4236228055175,
    48.548944375753422,
    45.453272709454048,
    46.690470119715009,
    47.201694884823787,
    47.885279575251516,
    47.169905660283021,
    45.354161881794269,
    45.276925690687087
  ],
  [
    41.0,
    41.303752856126764,
    41.231056256176608,
    41.785164831552358,
    43.416586692184822,
    44.407206622349037,
    46.690470119715009,
    49.040799340956916,
    54.378304497290095,
    61.741396161732524,
    70.213958726167832,
    66.098411478642959,
    63.126856408346519,
    60.074953183502359,
    56.885850613311568,
    55.659680200302986,
    54.12947441089743,
    46.324939287601879,
    37.643060449437421,
    32.557641192199412,
    32.202484376209235,
    31.76476034853718,
    33.241540277189323,
    33.955853692699293,
    36.221540552549669,
    38.0,
    41.303752856126764,
    45.354161881794269,
    48.466483264210538,
    49.244289008980523,
    51.61395160225576,
    54.488530903301111,
    58.258046654518033,
    56.603886792339623,
    52.801515129776341,
    59.774576535513823,
    61.98386886924694,
    59.076221950967721,
    54.083269131959838,
    53.9351462406472,
    48.383881613611777,
    46.518813398452032,
    44.944410108488462,
    43.278170016764804,
    45.276925690687087,
    45.803929962395145,
    46.529560496527367,
    44.944410108488462,
    44.384682042344295,
    44.283179650969061
  ],
  [
    41.0,
    41.303752856126764,
    41.231056256176608,
    41.785164831552358,
    43.416586692184822,
    44.407206622349037,
    48.104053883222775,
    50.447993022517757,
    55.758407437802596,
    65.30696746902278,
    67.357256476195644,
    67.082039324993687,
    62.072538211353979,
    57.078892771321343,
    55.901699437494742,
    52.497618993626752,
    51.894122981316485,
    41.340053217188775,
    33.421549934136806,
    32.557641192199412,
    32.202484376209235,
    33.120990323358392,
    33.241540277189323,
    34.928498393145958,
    37.215588131856791,
    40.0,
    43.289721643826724,
    46.324939287601879,
    48.466483264210538,
    50.119856344566671,
    51.61395160225576,
    55.172456896534889,
    58.258046654518033,
    53.0,
    54.12947441089743,
    60.728905802755904,
    61.0,
    53.084837759947987,
    54.083269131959838,
    51.788029504896208,
    45.221676218380054,
    46.518813398452032,
    43.56604182158393,
    44.045431091090478,
    45.276925690687087,
    45.803929962395145,
    45.650848842053307,
    44.011362169330773,
    44.384682042344295,
    42.2965719651132
  ],
  [
    41.0,
    41.303752856126764,
    41.231056256176608,
    41.785164831552358,
    43.416586692184822,
    45.803929962395145,
    48.104053883222775,
    51.855568649856693,
    57.140178508646613,
    65.30696746902278,
    65.145989899609319,
    60.016664352494629,
    56.080299571239813,
    54.083269131959838,
    53.9351462406472,
    52.497618993626752,
    51.894122981316485,
    39.11521443121589,
    32.649655434629018,
    32.557641192199412,
    32.202484376209235,
    33.120990323358392,
    34.176014981270121,
    36.138621999185304,
    38.2099463490856,
    41.0,
    44.283179650969061,
    46.324939287601879,
    47.169905660283021,
    49.244289008980523,
    51.61395160225576,
    54.488530903301111,
    55.443665102516448,
    48.548944375753422,
    56.36488268416781,
    59.774576535513823,
    59.033888572581766,
    51.088159097779204,
    52.086466572421671,
    48.836461788299118,
    43.965895873961216,
    44.283179650969061,
    42.720018726587654,
    42.638011210655684,
    43.863424398922618,
    45.803929962395145,
    45.650848842053307,
    16.15549442140351,
    44.384682042344295,
    42.2965719651132
  ],
  [
    40.0,
    40.311288741492746,
    41.231056256176608,
    41.785164831552358,
    43.416586692184822,
    44.407206622349037,
    48.104053883222775,
    51.855568649856693,
    57.140178508646613,
    65.30696746902278,
    64.195015382816138,
    59.033888572581766,
    55.081757415681643,
    53.084837759947987,
    52.773099207835045,
    52.497618993626752,
    51.894122981316485,
    39.11521443121589,
    32.649655434629018,
    32.557641192199412,
    32.202484376209235,
    33.120990323358392,
    34.176014981270121,
    36.138621999185304,
    38.2099463490856,
    41.0,
    44.283179650969061,
    47.296934361541872,
    48.466483264210538,
    50.119856344566671,
    53.009433122794285,
    56.586217403180434,
    55.443665102516448,
    49.396356140913873,
    56.36488268416781,
    60.728905802755904,
    59.033888572581766,
    53.084837759947987,
    52.086466572421671,
    48.836461788299118,
    45.221676218380054,
    44.283179650969061,
    42.720018726587654,
    44.045431091090478,
    45.276925690687087,
    45.803929962395145,
    15.652475842498529,
    16.15549442140351,
    43.174066289845804,
    41.303752856126764
  ],
  [
    40.0,
    40.311288741492746,
    40.26164427839479,
    41.785164831552358,
    43.416586692184822,
    44.407206622349037,
    46.690470119715009,
    51.855568649856693,
    57.140178508646613,
    65.30696746902278,
    64.195015382816138,
    58.051701094799967,
    54.083269131959838,
    53.084837759947987,
    52.773099207835045,
    51.546095875439491,
    49.658836071740545,
    37.735924528226413,
    32.649655434629018,
    32.557641192199412,
    33.015148038438355,
    33.120990323358392,
    34.176014981270121,
    36.138621999185304,
    39.319206502675,
    42.0,
    45.276925690687087,
    47.296934361541872,
    48.466483264210538,
    50.119856344566671,
    53.009433122794285,
    55.172456896534889,
    54.671747731346578,
    48.548944375753422,
    56.36488268416781,
    59.774576535513823,
    56.885850613311568,
    52.086466572421671,
    51.088159097779204,
    46.690470119715009,
    43.965895873961216,
    42.953463189829058,
    41.340053217188775,
    42.638011210655684,
    43.863424398922618,
    44.407206622349037,
    44.294469180700204,
    14.866068747318506,
    43.174066289845804,
    40.311288741492746
  ],
  [
    41.0,
    41.303752856126764,
    41.231056256176608,
    43.08131845707603,
    43.416586692184822,
    45.803929962395145,
    48.104053883222775,
    53.2634959423431,
    57.982756057296896,
    68.4470598345904,
    64.195015382816138,
    59.033888572581766,
    55.081757415681643,
    54.083269131959838,
    52.773099207835045,
    52.497618993626752,
    49.658836071740545,
    37.735924528226413,
    32.649655434629018,
    32.557641192199412,
    32.202484376209235,
    33.120990323358392,
    34.176014981270121,
    36.138621999185304,
    39.319206502675,
    41.0,
    44.283179650969061,
    46.324939287601879,
    47.169905660283021,
    49.244289008980523,
    51.61395160225576,
    54.488530903301111,
    54.671747731346578,
    47.169905660283021,
    56.36488268416781,
    59.774576535513823,
    58.051701094799967,
    51.088159097779204,
    51.088159097779204,
    47.675989764240867,
    43.965895873961216,
    44.283179650969061,
    41.340053217188775,
    43.278170016764804,
    43.863424398922618,
    45.803929962395145,
    45.650848842053307,
    16.15549442140351,
    44.384682042344295,
    42.2965719651132
  ],
  [
    41.0,
    41.303752856126764,
    41.231056256176608,
    41.785164831552358,
    43.416586692184822,
    45.803929962395145,
    48.104053883222775,
    51.855568649856693,
    57.140178508646613,
    66.2117814289874,
    65.145989899609319,
    59.033888572581766,
    55.081757415681643,
    54.083269131959838,
    53.9351462406472,
    52.497618993626752,
    49.658836071740545,
    37.735924528226413,
    32.649655434629018,
    32.557641192199412,
    33.015148038438355,
    33.120990323358392,
    34.176014981270121,
    36.138621999185304,
    39.319206502675,
    42.0,
    45.276925690687087,
    47.296934361541872,
    48.466483264210538,
    50.119856344566671,
    53.009433122794285,
    56.586217403180434,
    55.443665102516448,
    48.548944375753422,
    57.271284253105414,
    60.728905802755904,
    59.033888572581766,
    53.084837759947987,
    52.086466572421671,
    48.836461788299118,
    45.221676218380054,
    44.283179650969061,
    42.720018726587654,
    44.045431091090478,
    45.276925690687087,
    45.803929962395145,
    15.652475842498529,
    16.15549442140351,
    44.384682042344295,
    41.303752856126764
  ],
  [
    41.0,
    40.311288741492746,
    41.231056256176608,
    41.785164831552358,
    43.416586692184822,
    45.803929962395145,
    48.104053883222775,
    51.855568649856693,
    57.140178508646613,
    65.30696746902278,
    65.145989899609319,
    60.016664352494629,
    56.080299571239813,
    54.083269131959838,
    53.9351462406472,
    52.497618993626752,
    51.894122981316485,
    39.11521443121589,
    33.421549934136806,
    32.557641192199412,
    33.015148038438355,
    34.0,
    35.4682957019364,
    36.138621999185304,
    39.319206502675,
    42.0,
    45.276925690687087,
    47.296934361541872,
    48.466483264210538,
    51.478150704935004,
    53.009433122794285,
    56.586217403180434,
    54.671747731346578,
    48.548944375753422,
    57.271284253105414,
    60.728905802755904,
    58.051701094799967,
    52.086466572421671,
    52.086466572421671,
    47.675989764240867,
    45.221676218380054,
    44.283179650969061,
    41.340053217188775,
    43.278170016764804,
    45.276925690687087,
    45.803929962395145,
    15.652475842498529,
    16.15549442140351,
    43.174066289845804,
    41.303752856126764
  ],
  [
    41.0,
    41.303752856126764,
    42.201895692018383,
    43.08131845707603,
    44.294469180700204,
    45.803929962395145,
    49.51767361255979,
    53.2634959423431,
    59.363288318623319,
    68.4470598345904,
    65.145989899609319,
    60.016664352494629,
    56.080299571239813,
    54.083269131959838,
    53.9351462406472,
    52.497618993626752,
    49.658836071740545,
    37.735924528226413,
    32.649655434629018,
    32.557641192199412,
    33.015148038438355,
    33.120990323358392,
    35.4682957019364,
    36.138621999185304,
    39.319206502675,
    42.0,
    45.276925690687087,
    47.296934361541872,
    48.466483264210538,
    50.119856344566671,
    53.009433122794285,
    31.144823004794873,
    54.671747731346578,
    48.548944375753422,
    57.271284253105414,
    60.728905802755904,
    58.051701094799967,
    52.086466572421671,
    52.086466572421671,
    47.675989764240867,
    45.221676218380054,
    44.283179650969061,
    42.720018726587654,
    44.045431091090478,
    45.276925690687087,
    45.803929962395145,
    45.650848842053307,
    16.15549442140351,
    44.384682042344295,
    42.2965719651132
  ],
  [
    41.0,
    41.303752856126764,
    42.201895692018383,
    43.08131845707603,
    44.294469180700204,
    46.61544808322666,
    49.51767361255979,
    54.671747731346578,
    61.587336360651285,
    69.354163537598808,
    64.195015382816138,
    59.033888572581766,
    55.081757415681643,
    54.083269131959838,
    52.773099207835045,
    51.546095875439491,
    44.283179650969061,
    35.510561809129406,
    33.421549934136806,
    33.241540277189323,
    34.409301068170507,
    34.0,
    35.4682957019364,
    38.078865529319543,
    40.311288741492746,
    44.0,
    47.381430961928537,
    48.507731342539614,
    49.396356140913873,
    52.354560450833695,
    55.21775076911409,
    57.3149195236284,
    24.207436873820409,
    52.153619241621193,
    60.415229867972862,
    60.728905802755904,
    52.773099207835045,
    53.084837759947987,
    51.088159097779204,
    44.721359549995796,
    45.221676218380054,
    44.283179650969061,
    43.56604182158393,
    45.453272709454048,
    46.690470119715009,
    46.61544808322666,
    15.652475842498529,
    44.944410108488462,
    43.174066289845804,
    41.303752856126764
  ],
  [
    41.0,
    41.303752856126764,
    42.201895692018383,
    43.08131845707603,
    45.650848842053307,
    46.61544808322666,
    50.24937810560445,
    55.443665102516448,
    63.812224534175265,
    69.354163537598808,
    62.936475910238251,
    58.051701094799967,
    55.081757415681643,
    54.083269131959838,
    52.773099207835045,
    51.546095875439491,
    42.047592083257278,
    35.510561809129406,
    33.421549934136806,
    33.241540277189323,
    34.409301068170507,
    35.355339059327378,
    36.400549446402593,
    40.26164427839479,
    42.2965719651132,
    46.0,
    47.381430961928537,
    48.507731342539614,
    50.328918128646478,
    52.354560450833695,
    55.21775076911409,
    56.586217403180434,
    49.040799340956916,
    55.758407437802596,
    60.415229867972862,
    58.821764679410968,
    52.773099207835045,
    52.086466572421671,
    48.093658625644196,
    44.721359549995796,
    45.221676218380054,
    42.047592083257278,
    43.56604182158393,
    45.453272709454048,
    45.276925690687087,
    45.803929962395145,
    14.7648230602334,
    44.944410108488462,
    42.201895692018383,
    41.303752856126764
  ],
  [
    41.0,
    41.303752856126764,
    42.201895692018383,
    43.08131845707603,
    45.650848842053307,
    48.010415536631214,
    50.24937810560445,
    56.080299571239813,
    63.812224534175265,
    68.4470598345904,
    61.98386886924694,
    56.885850613311568,
    55.081757415681643,
    54.083269131959838,
    51.788029504896208,
    51.546095875439491,
    39.812058474788763,
    33.286633954186478,
    32.649655434629018,
    33.241540277189323,
    34.409301068170507,
    35.355339059327378,
    36.400549446402593,
    40.26164427839479,
    42.2965719651132,
    46.0,
    47.381430961928537,
    48.507731342539614,
    50.328918128646478,
    53.712196007983138,
    55.21775076911409,
    56.586217403180434,
    49.040799340956916,
    56.603886792339623,
    60.415229867972862,
    58.821764679410968,
    51.788029504896208,
    52.086466572421671,
    48.093658625644196,
    43.737855457258078,
    43.965895873961216,
    42.047592083257278,
    42.720018726587654,
    44.045431091090478,
    45.276925690687087,
    45.803929962395145,
    15.652475842498529,
    44.944410108488462,
    42.201895692018383,
    41.303752856126764
  ],
  [
    41.0,
    41.303752856126764,
    42.201895692018383,
    44.011362169330773,
    45.650848842053307,
    48.010415536631214,
    52.3450093132096,
    58.258046654518033,
    65.192024052026483,
    68.4470598345904,
    60.728905802755904,
    56.885850613311568,
    54.083269131959838,
    53.084837759947987,
    51.788029504896208,
    50.289163842720633,
    37.576588456111871,
    33.286633954186478,
    32.649655434629018,
    32.557641192199412,
    34.409301068170507,
    35.355339059327378,
    36.400549446402593,
    39.05124837953327,
    42.2965719651132,
    46.0,
    47.381430961928537,
    48.507731342539614,
    50.328918128646478,
    53.712196007983138,
    56.612719418872643,
    56.586217403180434,
    50.447993022517757,
    57.140178508646613,
    61.741396161732524,
    59.774576535513823,
    51.788029504896208,
    52.086466572421671,
    50.089919145472777,
    43.737855457258078,
    45.221676218380054,
    44.283179650969061,
    42.720018726587654,
    45.453272709454048,
    46.690470119715009,
    45.803929962395145,
    43.416586692184822,
    19.313207915827967,
    42.201895692018383,
    41.303752856126764
  ],
  [
    41.0,
    41.303752856126764,
    42.201895692018383,
    43.08131845707603,
    45.650848842053307,
    48.010415536631214,
    53.075418038862395,
    58.258046654518033,
    65.192024052026483,
    68.4470598345904,
    60.728905802755904,
    56.885850613311568,
    55.081757415681643,
    54.083269131959838,
    51.788029504896208,
    48.383881613611777,
    37.576588456111871,
    33.286633954186478,
    32.649655434629018,
    32.557641192199412,
    34.409301068170507,
    35.355339059327378,
    36.400549446402593,
    39.05124837953327,
    42.2965719651132,
    46.0,
    46.2709412050371,
    48.507731342539614,
    50.328918128646478,
    53.712196007983138,
    56.612719418872643,
    57.3149195236284,
    53.2634959423431,
    57.140178508646613,
    61.741396161732524,
    59.774576535513823,
    50.803543183522152,
    52.086466572421671,
    51.088159097779204,
    42.7551166528639,
    45.221676218380054,
    44.283179650969061,
    41.340053217188775,
    45.453272709454048,
    46.690470119715009,
    45.803929962395145,
    43.416586692184822,
    19.313207915827967,
    42.201895692018383,
    40.311288741492746
  ],
  [
    40.0,
    41.303752856126764,
    41.231056256176608,
    43.08131845707603,
    45.650848842053307,
    48.010415536631214,
    53.075418038862395,
    58.258046654518033,
    65.192024052026483,
    67.119296778199342,
    60.728905802755904,
    56.885850613311568,
    54.083269131959838,
    53.084837759947987,
    51.788029504896208,
    48.383881613611777,
    37.576588456111871,
    33.286633954186478,
    32.649655434629018,
    32.557641192199412,
    34.409301068170507,
    35.355339059327378,
    36.400549446402593,
    40.26164427839479,
    42.2965719651132,
    46.0,
    46.2709412050371,
    48.507731342539614,
    50.328918128646478,
    53.712196007983138,
    56.612719418872643,
    56.586217403180434,
    53.2634959423431,
    57.140178508646613,
    61.741396161732524,
    58.821764679410968,
    50.803543183522152,
    51.088159097779204,
    50.089919145472777,
    42.7551166528639,
    43.965895873961216,
    44.283179650969061,
    41.340053217188775,
    45.453272709454048,
    45.276925690687087,
    44.407206622349037,
    43.416586692184822,
    17.088007490635061,
    41.231056256176608,
    40.311288741492746
  ],
  [
    40.0,
    40.311288741492746,
    41.231056256176608,
    43.08131845707603,
    45.650848842053307,
    48.010415536631214,
    53.075418038862395,
    58.258046654518033,
    65.192024052026483,
    68.4470598345904,
    60.728905802755904,
    56.885850613311568,
    55.081757415681643,
    54.083269131959838,
    52.773099207835045,
    48.383881613611777,
    37.576588456111871,
    33.286633954186478,
    32.649655434629018,
    33.241540277189323,
    34.409301068170507,
    35.355339059327378,
    37.336309405188942,
    40.26164427839479,
    42.2965719651132,
    46.0,
    47.381430961928537,
    48.507731342539614,
    51.623637996561229,
    54.589376255824725,
    57.201398584300364,
    56.586217403180434,
    53.2634959423431,
    57.982756057296896,
    61.741396161732524,
    58.821764679410968,
    50.803543183522152,
    52.086466572421671,
    50.089919145472777,
    42.7551166528639,
    43.965895873961216,
    44.283179650969061,
    41.340053217188775,
    45.453272709454048,
    45.276925690687087,
    44.407206622349037,
    42.059481689626182,
    43.08131845707603,
    41.231056256176608,
    40.311288741492746
  ],
  [
    41.0,
    41.303752856126764,
    42.201895692018383,
    43.08131845707603,
    45.650848842053307,
    49.4064773081425,
    53.075418038862395,
    59.665735560705194,
    67.4166151627327,
    68.4470598345904,
    60.728905802755904,
    56.885850613311568,
    55.081757415681643,
    54.083269131959838,
    52.773099207835045,
    45.221676218380054,
    35.341194094144583,
    33.286633954186478,
    32.649655434629018,
    33.241540277189323,
    34.409301068170507,
    35.355339059327378,
    37.336309405188942,
    40.26164427839479,
    43.289721643826724,
    46.0,
    46.2709412050371,
    48.507731342539614,
    50.328918128646478,
    53.712196007983138,
    56.612719418872643,
    55.172456896534889,
    53.2634959423431,
    57.140178508646613,
    60.415229867972862,
    57.56735185849702,
    49.8196748283246,
    51.088159097779204,
    49.091750834534309,
    42.7551166528639,
    43.965895873961216,
    44.283179650969061,
    41.340053217188775,
    45.453272709454048,
    45.276925690687087,
    44.407206622349037,
    42.059481689626182,
    18.027756377319946,
    42.201895692018383,
    40.311288741492746
  ],
  [
    40.0,
    41.303752856126764,
    41.231056256176608,
    43.08131845707603,
    45.650848842053307,
    49.4064773081425,
    53.075418038862395,
    59.665735560705194,
    67.4166151627327,
    67.119296778199342,
    60.728905802755904,
    55.901699437494742,
    54.083269131959838,
    53.084837759947987,
    51.788029504896208,
    48.383881613611777,
    35.341194094144583,
    33.286633954186478,
    32.649655434629018,
    33.241540277189323,
    34.409301068170507,
    35.355339059327378,
    37.336309405188942,
    40.26164427839479,
    43.289721643826724,
    47.0,
    47.381430961928537,
    49.477267507411923,
    51.623637996561229,
    54.589376255824725,
    58.008620049092706,
    56.586217403180434,
    54.671747731346578,
    59.363288318623319,
    61.741396161732524,
    58.821764679410968,
    51.788029504896208,
    52.086466572421671,
    49.091750834534309,
    43.737855457258078,
    45.221676218380054,
    44.283179650969061,
    42.720018726587654,
    45.453272709454048,
    45.276925690687087,
    44.407206622349037,
    43.416586692184822,
    19.313207915827967,
    41.231056256176608,
    40.311288741492746
  ],
  [
    41.0,
    41.303752856126764,
    42.201895692018383,
    44.011362169330773,
    46.529560496527367,
    50.219518117958877,
    54.488530903301111,
    61.073725938409879,
    69.6419413859206,
    66.2117814289874,
    59.774576535513823,
    55.901699437494742,
    54.083269131959838,
    52.086466572421671,
    51.788029504896208,
    45.221676218380054,
    33.1058907144937,
    33.286633954186478,
    32.649655434629018,
    33.241540277189323,
    34.409301068170507,
    35.355339059327378,
    38.626415831655933,
    41.231056256176608,
    44.283179650969061,
    47.0,
    48.373546489791295,
    49.477267507411923,
    52.55473337388365,
    55.470712993434653,
    58.008620049092706,
    54.488530903301111,
    54.671747731346578,
    59.363288318623319,
    60.415229867972862,
    56.612719418872643,
    51.788029504896208,
    51.088159097779204,
    47.095647357266465,
    43.737855457258078,
    43.965895873961216,
    42.953463189829058,
    42.720018726587654,
    45.453272709454048,
    45.276925690687087,
    44.407206622349037,
    43.416586692184822,
    19.313207915827967,
    41.231056256176608,
    40.311288741492746
  ],
  [
    46.0,
    42.2965719651132,
    43.174066289845804,
    44.944410108488462,
    47.885279575251516,
    51.61395160225576,
    56.586217403180434,
    62.481997407253232,
    70.178344238091,
    62.649820430708338,
    57.56735185849702,
    54.918120870983927,
    53.084837759947987,
    51.088159097779204,
    49.8196748283246,
    42.059481689626182,
    33.1058907144937,
    33.286633954186478,
    32.649655434629018,
    33.241540277189323,
    35.805027579936315,
    36.235341863986875,
    38.626415831655933,
    42.201895692018383,
    46.2709412050371,
    48.0,
    49.365980188789933,
    51.419840528729765,
    54.78138369920935,
    56.824290580701486,
    58.008620049092706,
    52.3450093132096,
    56.080299571239813,
    61.587336360651285,
    59.506302187247357,
    49.33558553417604,
    50.803543183522152,
    50.089919145472777,
    46.043457732885351,
    42.7551166528639,
    43.011626335213137,
    40.718546143004666,
    43.56604182158393,
    45.453272709454048,
    45.276925690687087,
    43.011626335213137,
    43.416586692184822,
    41.785164831552358,
    40.26164427839479,
    46.2709412050371
  ],
  [
    50.0,
    42.2965719651132,
    43.174066289845804,
    44.944410108488462,
    47.885279575251516,
    51.61395160225576,
    57.3149195236284,
    64.660652641308843,
    69.6419413859206,
    65.30696746902278,
    59.774576535513823,
    56.885850613311568,
    54.083269131959838,
    51.088159097779204,
    49.8196748283246,
    42.059481689626182,
    35.341194094144583,
    31.906112267087632,
    32.649655434629018,
    33.241540277189323,
    35.805027579936315,
    37.589892258425,
    39.560080889704963,
    43.174066289845804,
    47.381430961928537,
    49.0,
    50.358713248056688,
    52.630789467763066,
    55.713553108736477,
    59.0592922409336,
    59.405386961116584,
    53.075418038862395,
    59.665735560705194,
    61.587336360651285,
    60.415229867972862,
    51.546095875439491,
    51.788029504896208,
    50.089919145472777,
    43.046486500061768,
    43.737855457258078,
    43.011626335213137,
    41.6293165929973,
    44.944410108488462,
    45.453272709454048,
    45.276925690687087,
    43.011626335213137,
    44.294469180700204,
    41.785164831552358,
    40.26164427839479,
    41.303752856126764
  ],
  [
    41.0,
    42.2965719651132,
    43.174066289845804,
    46.238512086787566,
    49.244289008980523,
    53.009433122794285,
    57.3149195236284,
    64.660652641308843,
    71.021123618258812,
    65.30696746902278,
    60.728905802755904,
    55.901699437494742,
    54.083269131959838,
    50.089919145472777,
    48.836461788299118,
    42.059481689626182,
    35.341194094144583,
    31.906112267087632,
    32.649655434629018,
    33.241540277189323,
    35.805027579936315,
    37.589892258425,
    39.560080889704963,
    43.174066289845804,
    47.381430961928537,
    49.0,
    51.35172830587107,
    53.600373133029585,
    57.0087712549569,
    59.0592922409336,
    59.405386961116584,
    54.488530903301111,
    60.440052945046304,
    63.812224534175265,
    60.415229867972862,
    52.497618993626752,
    52.773099207835045,
    50.089919145472777,
    44.045431091090478,
    44.721359549995796,
    43.965895873961216,
    44.283179650969061,
    46.324939287601879,
    46.227697325304881,
    45.276925690687087,
    44.407206622349037,
    43.416586692184822,
    41.785164831552358,
    41.231056256176608,
    41.303752856126764
  ],
  [
    45.0,
    42.2965719651132,
    43.174066289845804,
    44.944410108488462,
    47.885279575251516,
    51.61395160225576,
    57.3149195236284,
    64.660652641308843,
    72.401657439591816,
    65.30696746902278,
    60.728905802755904,
    58.051701094799967,
    54.083269131959838,
    52.086466572421671,
    49.8196748283246,
    42.059481689626182,
    35.341194094144583,
    31.906112267087632,
    32.649655434629018,
    33.241540277189323,
    34.409301068170507,
    36.235341863986875,
    38.626415831655933,
    42.201895692018383,
    47.381430961928537,
    49.0,
    50.358713248056688,
    52.630789467763066,
    55.713553108736477,
    59.0592922409336,
    60.21627686929839,
    54.488530903301111,
    59.665735560705194,
    63.812224534175265,
    61.741396161732524,
    52.497618993626752,
    52.773099207835045,
    51.088159097779204,
    44.045431091090478,
    45.705579528105758,
    45.221676218380054,
    44.283179650969061,
    46.324939287601879,
    46.227697325304881,
    46.690470119715009,
    44.407206622349037,
    45.650848842053307,
    41.785164831552358,
    45.354161881794269,
    46.2709412050371
  ],
  [
    44.0,
    43.289721643826724,
    43.174066289845804,
    44.944410108488462,
    47.885279575251516,
    51.61395160225576,
    57.3149195236284,
    64.660652641308843,
    72.401657439591816,
    66.2117814289874,
    64.195015382816138,
    59.033888572581766,
    55.081757415681643,
    52.086466572421671,
    49.8196748283246,
    43.011626335213137,
    35.341194094144583,
    31.906112267087632,
    32.649655434629018,
    33.241540277189323,
    34.409301068170507,
    36.235341863986875,
    38.626415831655933,
    42.201895692018383,
    46.2709412050371,
    49.0,
    50.358713248056688,
    51.419840528729765,
    54.78138369920935,
    58.180752831155424,
    60.21627686929839,
    54.488530903301111,
    58.258046654518033,
    62.433965115151864,
    62.649820430708338,
    53.450912059571067,
    53.9351462406472,
    52.086466572421671,
    47.095647357266465,
    45.705579528105758,
    45.221676218380054,
    44.283179650969061,
    46.324939287601879,
    46.861498055439924,
    48.104053883222775,
    45.803929962395145,
    45.650848842053307,
    43.08131845707603,
    44.384682042344295,
    44.283179650969061
  ],
  [
    44.0,
    42.2965719651132,
    43.174066289845804,
    44.944410108488462,
    47.885279575251516,
    51.61395160225576,
    56.586217403180434,
    62.481997407253232,
    72.401657439591816,
    66.2117814289874,
    62.936475910238251,
    59.033888572581766,
    55.081757415681643,
    54.083269131959838,
    49.8196748283246,
    45.221676218380054,
    35.341194094144583,
    33.286633954186478,
    32.649655434629018,
    33.241540277189323,
    34.409301068170507,
    36.235341863986875,
    38.626415831655933,
    42.201895692018383,
    46.2709412050371,
    49.0,
    50.358713248056688,
    52.630789467763066,
    55.713553108736477,
    58.180752831155424,
    60.21627686929839,
    54.488530903301111,
    58.258046654518033,
    62.433965115151864,
    62.649820430708338,
    52.497618993626752,
    53.9351462406472,
    52.086466572421671,
    46.043457732885351,
    45.705579528105758,
    45.221676218380054,
    44.283179650969061,
    46.324939287601879,
    46.861498055439924,
    46.690470119715009,
    45.803929962395145,
    45.650848842053307,
    43.08131845707603,
    44.384682042344295,
    44.283179650969061
  ],
  [
    45.0,
    44.283179650969061,
    44.384682042344295,
    46.238512086787566,
    49.244289008980523,
    53.009433122794285,
    57.3149195236284,
    64.660652641308843,
    73.246160308919954,
    67.119296778199342,
    64.195015382816138,
    59.033888572581766,
    55.081757415681643,
    53.084837759947987,
    50.803543183522152,
    42.059481689626182,
    35.341194094144583,
    33.286633954186478,
    32.649655434629018,
    33.241540277189323,
    34.409301068170507,
    36.235341863986875,
    38.626415831655933,
    42.201895692018383,
    46.2709412050371,
    48.0,
    50.358713248056688,
    51.419840528729765,
    54.78138369920935,
    58.180752831155424,
    59.405386961116584,
    52.3450093132096,
    56.080299571239813,
    61.587336360651285,
    61.741396161732524,
    53.450912059571067,
    52.773099207835045,
    52.086466572421671,
    47.095647357266465,
    44.721359549995796,
    45.221676218380054,
    42.953463189829058,
    46.324939287601879,
    46.861498055439924,
    46.690470119715009,
    45.803929962395145,
    45.650848842053307,
    44.011362169330773,
    44.384682042344295,
    45.276925690687087
  ],
  [
    43.0,
    49.365980188789933,
    49.477267507411923,
    47.169905660283021,
    50.119856344566671,
    54.405882034941776,
    58.728187440104094,
    65.299310869258036,
    69.6419413859206,
    65.30696746902278,
    60.728905802755904,
    55.901699437494742,
    54.083269131959838,
    51.088159097779204,
    49.8196748283246,
    40.80441152620633,
    34.0147027033899,
    33.286633954186478,
    32.649655434629018,
    33.241540277189323,
    35.805027579936315,
    37.589892258425,
    40.853396431630991,
    44.384682042344295,
    47.381430961928537,
    50.0,
    51.35172830587107,
    53.600373133029585,
    55.713553108736477,
    59.0592922409336,
    59.405386961116584,
    53.075418038862395,
    59.665735560705194,
    62.433965115151864,
    60.415229867972862,
    52.497618993626752,
    52.773099207835045,
    50.089919145472777,
    45.044422518220834,
    45.705579528105758,
    43.965895873961216,
    44.283179650969061,
    46.324939287601879,
    46.861498055439924,
    46.690470119715009,
    45.803929962395145,
    45.650848842053307,
    43.08131845707603,
    42.201895692018383,
    42.2965719651132
  ],
  [
    43.0,
    43.289721643826724,
    53.600373133029585,
    48.466483264210538,
    50.119856344566671,
    54.405882034941776,
    60.141499815019579,
    67.475921631349351,
    68.264192663504048,
    65.30696746902278,
    57.56735185849702,
    54.918120870983927,
    53.084837759947987,
    50.089919145472777,
    48.836461788299118,
    38.897300677553446,
    33.1058907144937,
    33.286633954186478,
    33.421549934136806,
    35.383612025908263,
    35.805027579936315,
    38.470768123342687,
    40.853396431630991,
    45.354161881794269,
    49.365980188789933,
    50.0,
    52.3450093132096,
    54.571054598569013,
    57.9396237474839,
    60.415229867972862,
    57.201398584300364,
    55.172456896534889,
    61.073725938409879,
    62.433965115151864,
    58.600341295934449,
    53.450912059571067,
    52.773099207835045,
    46.043457732885351,
    45.044422518220834,
    44.721359549995796,
    43.011626335213137,
    45.188494110780013,
    46.324939287601879,
    46.227697325304881,
    46.690470119715009,
    44.407206622349037,
    44.294469180700204,
    41.785164831552358,
    42.201895692018383,
    42.2965719651132
  ],
  [
    43.0,
    44.283179650969061,
    53.600373133029585,
    47.169905660283021,
    50.119856344566671,
    54.405882034941776,
    60.141499815019579,
    67.475921631349351,
    69.6419413859206,
    65.30696746902278,
    57.56735185849702,
    55.901699437494742,
    53.084837759947987,
    50.089919145472777,
    48.836461788299118,
    38.897300677553446,
    33.1058907144937,
    33.286633954186478,
    33.421549934136806,
    35.383612025908263,
    35.805027579936315,
    38.470768123342687,
    40.853396431630991,
    45.354161881794269,
    48.373546489791295,
    50.0,
    51.35172830587107,
    53.600373133029585,
    57.0087712549569,
    59.0592922409336,
    56.612719418872643,
    54.488530903301111,
    59.665735560705194,
    61.587336360651285,
    58.600341295934449,
    52.497618993626752,
    51.788029504896208,
    48.093658625644196,
    44.045431091090478,
    44.721359549995796,
    43.011626335213137,
    44.283179650969061,
    46.324939287601879,
    46.227697325304881,
    46.690470119715009,
    44.407206622349037,
    45.650848842053307,
    43.08131845707603,
    42.201895692018383,
    42.2965719651132
  ],
  [
    50.0,
    51.35172830587107,
    48.507731342539614,
    47.169905660283021,
    50.119856344566671,
    54.405882034941776,
    58.728187440104094,
    67.475921631349351,
    71.021123618258812,
    65.30696746902278,
    59.774576535513823,
    56.885850613311568,
    54.083269131959838,
    51.088159097779204,
    49.8196748283246,
    40.80441152620633,
    33.1058907144937,
    33.286633954186478,
    33.421549934136806,
    35.383612025908263,
    35.805027579936315,
    37.589892258425,
    40.853396431630991,
    44.384682042344295,
    48.373546489791295,
    50.0,
    52.3450093132096,
    54.571054598569013,
    57.0087712549569,
    60.415229867972862,
    59.405386961116584,
    54.488530903301111,
    61.073725938409879,
    63.812224534175265,
    60.415229867972862,
    54.405882034941776,
    53.9351462406472,
    50.089919145472777,
    45.044422518220834,
    45.705579528105758,
    45.221676218380054,
    45.188494110780013,
    46.324939287601879,
    48.270073544588683,
    46.690470119715009,
    45.803929962395145,
    45.650848842053307,
    43.08131845707603,
    42.201895692018383,
    43.289721643826724
  ],
  [
    50.0,
    49.365980188789933,
    45.354161881794269,
    47.169905660283021,
    50.119856344566671,
    54.405882034941776,
    59.413803110051795,
    65.299310869258036,
    72.401657439591816,
    66.2117814289874,
    61.98386886924694,
    58.051701094799967,
    55.081757415681643,
    52.086466572421671,
    49.8196748283246,
    42.059481689626182,
    34.0147027033899,
    33.286633954186478,
    33.421549934136806,
    35.383612025908263,
    37.20215047547655,
    38.470768123342687,
    40.853396431630991,
    45.354161881794269,
    49.365980188789933,
    50.0,
    51.35172830587107,
    54.571054598569013,
    57.0087712549569,
    60.415229867972862,
    59.405386961116584,
    54.488530903301111,
    60.440052945046304,
    63.812224534175265,
    60.415229867972862,
    53.450912059571067,
    52.773099207835045,
    50.089919145472777,
    45.044422518220834,
    45.705579528105758,
    43.965895873961216,
    44.283179650969061,
    46.324939287601879,
    46.861498055439924,
    48.104053883222775,
    45.803929962395145,
    45.650848842053307,
    43.08131845707603,
    43.174066289845804,
    42.2965719651132
  ],
  [
    49.0,
    48.373546489791295,
    45.354161881794269,
    47.169905660283021,
    50.119856344566671,
    54.405882034941776,
    58.728187440104094,
    66.068146636635717,
    72.401657439591816,
    65.30696746902278,
    61.98386886924694,
    58.051701094799967,
    55.081757415681643,
    52.086466572421671,
    49.8196748283246,
    42.059481689626182,
    33.1058907144937,
    33.286633954186478,
    33.421549934136806,
    35.383612025908263,
    35.805027579936315,
    37.589892258425,
    40.853396431630991,
    44.384682042344295,
    47.381430961928537,
    50.0,
    51.35172830587107,
    53.600373133029585,
    57.0087712549569,
    59.0592922409336,
    60.21627686929839,
    53.075418038862395,
    59.665735560705194,
    63.812224534175265,
    61.741396161732524,
    53.450912059571067,
    53.9351462406472,
    51.088159097779204,
    45.044422518220834,
    45.705579528105758,
    45.221676218380054,
    44.283179650969061,
    47.169905660283021,
    48.270073544588683,
    48.104053883222775,
    45.803929962395145,
    46.529560496527367,
    44.011362169330773,
    43.174066289845804,
    48.373546489791295
  ],
  [
    46.0,
    45.276925690687087,
    45.354161881794269,
    47.169905660283021,
    50.119856344566671,
    54.405882034941776,
    58.728187440104094,
    66.068146636635717,
    74.625732827222535,
    69.354163537598808,
    65.145989899609319,
    60.016664352494629,
    56.080299571239813,
    54.083269131959838,
    50.803543183522152,
    42.059481689626182,
    34.0147027033899,
    33.286633954186478,
    33.421549934136806,
    35.383612025908263,
    35.805027579936315,
    37.589892258425,
    40.853396431630991,
    44.384682042344295,
    47.381430961928537,
    50.0,
    51.35172830587107,
    53.600373133029585,
    57.0087712549569,
    60.415229867972862,
    61.611687202997452,
    55.172456896534889,
    59.665735560705194,
    65.192024052026483,
    63.976558206893252,
    54.405882034941776,
    54.918120870983927,
    53.084837759947987,
    46.043457732885351,
    46.690470119715009,
    46.173585522460783,
    45.188494110780013,
    48.548944375753422,
    49.040799340956916,
    49.51767361255979,
    47.201694884823787,
    47.885279575251516,
    44.011362169330773,
    44.384682042344295,
    46.2709412050371
  ],
  [
    44.0,
    44.283179650969061,
    45.354161881794269,
    47.169905660283021,
    49.244289008980523,
    53.009433122794285,
    57.3149195236284,
    65.299310869258036,
    74.625732827222535,
    68.4470598345904,
    65.145989899609319,
    60.016664352494629,
    57.078892771321343,
    54.083269131959838,
    50.803543183522152,
    43.965895873961216,
    35.341194094144583,
    33.286633954186478,
    33.421549934136806,
    35.383612025908263,
    35.805027579936315,
    37.589892258425,
    40.853396431630991,
    44.384682042344295,
    48.373546489791295,
    50.0,
    51.35172830587107,
    53.600373133029585,
    57.0087712549569,
    60.415229867972862,
    61.611687202997452,
    55.172456896534889,
    59.665735560705194,
    65.192024052026483,
    63.976558206893252,
    53.450912059571067,
    54.918120870983927,
    53.084837759947987,
    46.043457732885351,
    46.690470119715009,
    46.173585522460783,
    44.283179650969061,
    47.169905660283021,
    48.270073544588683,
    48.104053883222775,
    46.61544808322666,
    46.529560496527367,
    44.011362169330773,
    44.384682042344295,
    44.283179650969061
  ],
  [
    43.0,
    43.289721643826724,
    44.384682042344295,
    46.238512086787566,
    49.244289008980523,
    53.009433122794285,
    57.3149195236284,
    64.660652641308843,
    72.401657439591816,
    69.354163537598808,
    68.308125431752259,
    61.98386886924694,
    57.078892771321343,
    57.078892771321343,
    51.788029504896208,
    45.221676218380054,
    35.341194094144583,
    33.286633954186478,
    33.421549934136806,
    33.97057550292606,
    35.805027579936315,
    37.589892258425,
    39.560080889704963,
    43.174066289845804,
    47.381430961928537,
    50.0,
    51.35172830587107,
    53.600373133029585,
    55.713553108736477,
    59.0592922409336,
    61.611687202997452,
    56.586217403180434,
    59.665735560705194,
    63.812224534175265,
    65.30696746902278,
    57.56735185849702,
    55.901699437494742,
    54.083269131959838,
    47.095647357266465,
    46.690470119715009,
    47.127486671792717,
    44.283179650969061,
    47.169905660283021,
    48.270073544588683,
    49.51767361255979,
    46.61544808322666,
    46.529560496527367,
    44.011362169330773,
    43.174066289845804,
    43.289721643826724
  ],
  [
    44.0,
    44.283179650969061,
    45.354161881794269,
    47.169905660283021,
    49.244289008980523,
    53.009433122794285,
    57.3149195236284,
    64.660652641308843,
    72.401657439591816,
    70.682388188289167,
    68.308125431752259,
    62.968245965724662,
    58.077534382926416,
    57.078892771321343,
    51.788029504896208,
    45.221676218380054,
    35.341194094144583,
    33.286633954186478,
    33.421549934136806,
    35.383612025908263,
    35.805027579936315,
    37.589892258425,
    39.560080889704963,
    43.174066289845804,
    47.381430961928537,
    49.0,
    50.358713248056688,
    52.630789467763066,
    55.713553108736477,
    59.0592922409336,
    61.611687202997452,
    56.586217403180434,
    58.258046654518033,
    63.812224534175265,
    63.976558206893252,
    57.56735185849702,
    54.918120870983927,
    54.083269131959838,
    49.091750834534309,
    46.690470119715009,
    47.127486671792717,
    44.283179650969061,
    47.169905660283021,
    49.040799340956916,
    49.51767361255979,
    46.61544808322666,
    47.885279575251516,
    44.944410108488462,
    43.174066289845804,
    43.289721643826724
  ],
  [
    43.0,
    43.289721643826724,
    44.384682042344295,
    46.238512086787566,
    49.244289008980523,
    51.61395160225576,
    56.586217403180434,
    62.481997407253232,
    70.178344238091,
    70.682388188289167,
    68.308125431752259,
    62.968245965724662,
    58.077534382926416,
    57.078892771321343,
    52.773099207835045,
    48.383881613611777,
    37.576588456111871,
    33.286633954186478,
    33.421549934136806,
    33.97057550292606,
    35.805027579936315,
    37.589892258425,
    39.560080889704963,
    43.174066289845804,
    47.381430961928537,
    50.0,
    51.35172830587107,
    53.600373133029585,
    55.713553108736477,
    59.0592922409336,
    62.201286160335947,
    58.728187440104094,
    59.665735560705194,
    65.192024052026483,
    65.30696746902278,
    59.774576535513823,
    55.901699437494742,
    55.081757415681643,
    49.091750834534309,
    47.675989764240867,
    47.127486671792717,
    44.283179650969061,
    48.548944375753422,
    49.040799340956916,
    49.51767361255979,
    46.61544808322666,
    47.885279575251516,
    44.944410108488462,
    43.174066289845804,
    43.289721643826724
  ],
  [
    43.0,
    43.289721643826724,
    44.384682042344295,
    44.944410108488462,
    47.885279575251516,
    51.61395160225576,
    56.586217403180434,
    61.073725938409879,
    68.264192663504048,
    72.917761896536561,
    69.260378283691168,
    64.132674979295857,
    60.074953183502359,
    58.077534382926416,
    53.9351462406472,
    51.546095875439491,
    39.812058474788763,
    33.286633954186478,
    32.649655434629018,
    33.241540277189323,
    34.409301068170507,
    36.235341863986875,
    38.626415831655933,
    41.231056256176608,
    44.283179650969061,
    48.0,
    50.358713248056688,
    51.419840528729765,
    54.78138369920935,
    58.180752831155424,
    61.611687202997452,
    61.554853586049575,
    56.080299571239813,
    63.812224534175265,
    66.2117814289874,
    64.195015382816138,
    55.901699437494742,
    56.080299571239813,
    53.084837759947987,
    46.690470119715009,
    48.383881613611777,
    46.518813398452032,
    47.169905660283021,
    49.040799340956916,
    49.51767361255979,
    48.010415536631214,
    47.885279575251516,
    44.944410108488462,
    43.174066289845804,
    42.2965719651132
  ],
  [
    43.0,
    43.289721643826724,
    44.384682042344295,
    46.238512086787566,
    47.885279575251516,
    51.61395160225576,
    55.172456896534889,
    61.073725938409879,
    69.6419413859206,
    72.917761896536561,
    70.213958726167832,
    65.115282384398824,
    60.074953183502359,
    58.077534382926416,
    53.9351462406472,
    51.546095875439491,
    39.812058474788763,
    33.286633954186478,
    33.421549934136806,
    33.97057550292606,
    35.805027579936315,
    36.235341863986875,
    38.626415831655933,
    41.231056256176608,
    45.276925690687087,
    49.0,
    49.365980188789933,
    51.419840528729765,
    53.488316481265329,
    58.180752831155424,
    60.21627686929839,
    59.413803110051795,
    56.080299571239813,
    61.587336360651285,
    65.30696746902278,
    62.936475910238251,
    54.918120870983927,
    55.081757415681643,
    51.088159097779204,
    45.705579528105758,
    47.127486671792717,
    45.188494110780013,
    46.324939287601879,
    48.270073544588683,
    48.104053883222775,
    47.201694884823787,
    46.529560496527367,
    44.944410108488462,
    43.174066289845804,
    42.2965719651132
  ],
  [
    42.0,
    42.2965719651132,
    43.174066289845804,
    44.944410108488462,
    46.529560496527367,
    50.219518117958877,
    54.488530903301111,
    59.665735560705194,
    67.4166151627327,
    72.917761896536561,
    70.213958726167832,
    64.132674979295857,
    61.073725938409879,
    58.077534382926416,
    53.9351462406472,
    51.546095875439491,
    39.812058474788763,
    33.286633954186478,
    32.649655434629018,
    33.241540277189323,
    34.409301068170507,
    35.355339059327378,
    37.336309405188942,
    40.26164427839479,
    43.289721643826724,
    47.0,
    49.365980188789933,
    51.419840528729765,
    53.488316481265329,
    56.824290580701486,
    60.21627686929839,
    61.554853586049575,
    54.671747731346578,
    61.587336360651285,
    65.30696746902278,
    64.195015382816138,
    54.918120870983927,
    56.080299571239813,
    54.083269131959838,
    46.690470119715009,
    48.383881613611777,
    46.518813398452032,
    46.324939287601879,
    48.270073544588683,
    49.51767361255979,
    48.010415536631214,
    46.529560496527367,
    44.944410108488462,
    43.174066289845804,
    42.2965719651132
  ],
  [
    44.0,
    44.283179650969061,
    44.384682042344295,
    46.238512086787566,
    47.885279575251516,
    51.61395160225576,
    56.586217403180434,
    61.073725938409879,
    69.6419413859206,
    73.824115301167,
    69.260378283691168,
    64.132674979295857,
    61.073725938409879,
    58.077534382926416,
    54.918120870983927,
    51.546095875439491,
    39.812058474788763,
    33.286633954186478,
    33.421549934136806,
    33.241540277189323,
    34.409301068170507,
    36.235341863986875,
    38.626415831655933,
    40.26164427839479,
    44.283179650969061,
    48.0,
    49.365980188789933,
    51.419840528729765,
    53.488316481265329,
    56.824290580701486,
    60.21627686929839,
    61.554853586049575,
    54.671747731346578,
    61.587336360651285,
    65.30696746902278,
    62.936475910238251,
    53.9351462406472,
    55.081757415681643,
    53.084837759947987,
    45.705579528105758,
    47.127486671792717,
    46.518813398452032,
    46.324939287601879,
    48.270073544588683,
    49.51767361255979,
    49.4064773081425,
    47.885279575251516,
    47.169905660283021,
    44.384682042344295,
    43.289721643826724
  ],
  [
    43.0,
    43.289721643826724,
    44.384682042344295,
    44.944410108488462,
    47.885279575251516,
    50.219518117958877,
    54.488530903301111,
    61.073725938409879,
    69.6419413859206,
    71.589105316381762,
    68.308125431752259,
    62.968245965724662,
    59.076221950967721,
    58.077534382926416,
    53.9351462406472,
    51.546095875439491,
    39.812058474788763,
    33.286633954186478,
    33.421549934136806,
    33.97057550292606,
    35.805027579936315,
    36.235341863986875,
    38.626415831655933,
    41.231056256176608,
    45.276925690687087,
    49.0,
    50.358713248056688,
    51.419840528729765,
    54.78138369920935,
    58.180752831155424,
    60.21627686929839,
    59.413803110051795,
    56.080299571239813,
    61.587336360651285,
    65.30696746902278,
    61.98386886924694,
    54.918120870983927,
    54.083269131959838,
    50.089919145472777,
    45.705579528105758,
    47.127486671792717,
    44.283179650969061,
    46.324939287601879,
    48.270073544588683,
    48.104053883222775,
    46.61544808322666,
    45.650848842053307,
    44.944410108488462,
    43.174066289845804,
    42.2965719651132
  ],
  [
    43.0,
    43.289721643826724,
    44.384682042344295,
    46.238512086787566,
    49.244289008980523,
    51.61395160225576,
    56.586217403180434,
    62.481997407253232,
    69.6419413859206,
    70.682388188289167,
    67.357256476195644,
    61.98386886924694,
    58.077534382926416,
    57.078892771321343,
    51.788029504896208,
    48.383881613611777,
    37.576588456111871,
    33.286633954186478,
    32.649655434629018,
    33.241540277189323,
    34.409301068170507,
    35.355339059327378,
    38.626415831655933,
    41.231056256176608,
    45.276925690687087,
    48.0,
    49.365980188789933,
    51.419840528729765,
    53.488316481265329,
    56.824290580701486,
    60.21627686929839,
    58.728187440104094,
    54.671747731346578,
    61.587336360651285,
    63.976558206893252,
    61.98386886924694,
    54.918120870983927,
    54.083269131959838,
    51.088159097779204,
    45.705579528105758,
    47.127486671792717,
    45.188494110780013,
    46.324939287601879,
    48.270073544588683,
    49.51767361255979,
    48.010415536631214,
    47.885279575251516,
    46.238512086787566,
    43.174066289845804,
    43.289721643826724
  ],
  [
    43.0,
    43.289721643826724,
    44.384682042344295,
    44.944410108488462,
    47.885279575251516,
    50.219518117958877,
    54.488530903301111,
    61.073725938409879,
    69.6419413859206,
    70.682388188289167,
    68.308125431752259,
    62.968245965724662,
    58.077534382926416,
    57.078892771321343,
    52.773099207835045,
    51.546095875439491,
    39.812058474788763,
    33.286633954186478,
    33.421549934136806,
    33.97057550292606,
    35.805027579936315,
    37.589892258425,
    38.626415831655933,
    42.201895692018383,
    46.2709412050371,
    49.0,
    50.358713248056688,
    52.630789467763066,
    54.78138369920935,
    58.180752831155424,
    61.611687202997452,
    58.728187440104094,
    56.850681614207581,
    62.433965115151864,
    65.30696746902278,
    60.728905802755904,
    54.918120870983927,
    54.083269131959838,
    50.089919145472777,
    46.690470119715009,
    47.127486671792717,
    44.283179650969061,
    46.324939287601879,
    48.270073544588683,
    48.104053883222775,
    46.61544808322666,
    46.529560496527367,
    44.944410108488462,
    43.174066289845804,
    42.2965719651132
  ],
  [
    43.0,
    44.283179650969061,
    44.384682042344295,
    46.238512086787566,
    49.244289008980523,
    51.61395160225576,
    56.586217403180434,
    62.481997407253232,
    70.178344238091,
    71.589105316381762,
    67.357256476195644,
    61.98386886924694,
    58.077534382926416,
    58.077534382926416,
    52.773099207835045,
    48.383881613611777,
    37.576588456111871,
    33.286633954186478,
    32.649655434629018,
    33.241540277189323,
    34.409301068170507,
    36.235341863986875,
    38.626415831655933,
    41.231056256176608,
    45.276925690687087,
    48.0,
    49.365980188789933,
    51.419840528729765,
    53.488316481265329,
    56.824290580701486,
    60.21627686929839,
    58.728187440104094,
    56.080299571239813,
    61.587336360651285,
    63.976558206893252,
    60.728905802755904,
    54.918120870983927,
    54.083269131959838,
    50.089919145472777,
    45.705579528105758,
    47.127486671792717,
    44.283179650969061,
    46.324939287601879,
    48.270073544588683,
    48.104053883222775,
    46.61544808322666,
    47.885279575251516,
    44.944410108488462,
    43.174066289845804,
    43.289721643826724
  ]
]