[
  [
    48.0,
    48.373546489791295,
    49.477267507411923,
    53.488316481265329,
    56.824290580701486,
    59.405386961116584,
    50.931326312987373,
    45.453272709454048,
    41.340053217188775,
    39.812058474788763,
    38.897300677553446,
    37.656340767525464,
    37.054014627297811,
    37.054014627297811,
    37.656340767525464,
    38.897300677553446,
    39.812058474788763,
    39.11521443121589,
    40.459856648287818,
    42.449970553582247,
    44.407206622349037,
    45.650848842053307,
    47.169905660283021,
    51.419840528729765,
    55.443665102516448,
    25.0,
    24.186773244895647,
    24.738633753705962,
    24.698178070456937,
    26.419689627245813,
    28.600699292150182,
    31.144823004794873,
    34.058772731852805,
    39.11521443121589,
    42.047592083257278,
    43.965895873961216,
    44.721359549995796,
    43.046486500061768,
    37.054014627297811,
    40.607881008493905,
    42.059481689626182,
    41.6293165929973,
    42.720018726587654,
    46.227697325304881,
    46.690470119715009,
    44.407206622349037,
    51.478150704935004,
    52.55473337388365,
    49.477267507411923,
    48.373546489791295
  ],
  [
    49.0,
    49.365980188789933,
    50.447993022517757,
    54.78138369920935,
    56.824290580701486,
    59.405386961116584,
    49.51767361255979,
    45.453272709454048,
    42.720018726587654,
    39.812058474788763,
    40.80441152620633,
    38.639358172723313,
    37.054014627297811,
    37.054014627297811,
    37.656340767525464,
    38.897300677553446,
    38.483762809787713,
    39.11521443121589,
    40.459856648287818,
    42.449970553582247,
    44.407206622349037,
    45.650848842053307,
    46.238512086787566,
    50.447993022517757,
    55.443665102516448,
    25.0,
    24.186773244895647,
    23.53720459187964,
    24.698178070456937,
    26.419689627245813,
    28.600699292150182,
    31.144823004794873,
    34.058772731852805,
    39.11521443121589,
    42.047592083257278,
    43.965895873961216,
    44.721359549995796,
    44.045431091090478,
    38.052595180880893,
    41.593268686170845,
    43.011626335213137,
    42.047592083257278,
    42.720018726587654,
    46.227697325304881,
    46.690470119715009,
    44.407206622349037,
    52.354560450833695,
    52.55473337388365,
    50.447993022517757,
    49.365980188789933
  ],
  [
    48.0,
    48.373546489791295,
    50.447993022517757,
    53.488316481265329,
    56.824290580701486,
    59.405386961116584,
    50.931326312987373,
    45.453272709454048,
    42.720018726587654,
    39.812058474788763,
    39.849717690342551,
    37.656340767525464,
    37.054014627297811,
    37.054014627297811,
    37.656340767525464,
    38.897300677553446,
    39.812058474788763,
    39.11521443121589,
    40.459856648287818,
    42.449970553582247,
    44.407206622349037,
    45.650848842053307,
    47.169905660283021,
    50.447993022517757,
    55.443665102516448,
    25.0,
    25.179356624028344,
    24.738633753705962,
    25.632011235952593,
    26.419689627245813,
    29.410882339705484,
    32.557641192199412,
    36.235341863986875,
    39.11521443121589,
    42.953463189829058,
    45.221676218380054,
    44.721359549995796,
    43.046486500061768,
    38.052595180880893,
    41.593268686170845,
    43.011626335213137,
    41.6293165929973,
    42.720018726587654,
    46.227697325304881,
    46.690470119715009,
    45.803929962395145,
    52.354560450833695,
    52.55473337388365,
    49.477267507411923,
    48.373546489791295
  ],
  [
    49.0,
    49.365980188789933,
    50.447993022517757,
    53.488316481265329,
    56.824290580701486,
    59.405386961116584,
    50.931326312987373,
    45.453272709454048,
    42.720018726587654,
    39.812058474788763,
    40.80441152620633,
    38.639358172723313,
    37.054014627297811,
    37.054014627297811,
    37.656340767525464,
    38.897300677553446,
    39.812058474788763,
    39.11521443121589,
    40.459856648287818,
    42.449970553582247,
    44.407206622349037,
    45.650848842053307,
    46.238512086787566,
    49.477267507411923,
    54.3323108288245,
    25.0,
    25.179356624028344,
    24.738633753705962,
    25.632011235952593,
    27.294688127912362,
    29.410882339705484,
    32.557641192199412,
    36.235341863986875,
    41.340053217188775,
    42.953463189829058,
    45.221676218380054,
    44.721359549995796,
    42.047592083257278,
    38.052595180880893,
    41.593268686170845,
    42.059481689626182,
    40.718546143004666,
    42.720018726587654,
    46.227697325304881,
    45.276925690687087,
    47.201694884823787,
    52.354560450833695,
    51.623637996561229,
    49.477267507411923,
    48.373546489791295
  ],
  [
    49.0,
    49.365980188789933,
    51.419840528729765,
    54.78138369920935,
    56.824290580701486,
    61.611687202997452,
    52.3450093132096,
    46.861498055439924,
    43.56604182158393,
    41.6293165929973,
    39.849717690342551,
    38.639358172723313,
    38.052595180880893,
    38.052595180880893,
    38.639358172723313,
    39.849717690342551,
    39.812058474788763,
    39.962482405376171,
    40.459856648287818,
    42.449970553582247,
    44.407206622349037,
    45.650848842053307,
    46.238512086787566,
    49.477267507411923,
    54.3323108288245,
    25.0,
    24.186773244895647,
    24.738633753705962,
    25.632011235952593,
    27.294688127912362,
    29.410882339705484,
    32.557641192199412,
    36.235341863986875,
    39.962482405376171,
    42.047592083257278,
    45.221676218380054,
    43.737855457258078,
    42.047592083257278,
    37.054014627297811,
    40.607881008493905,
    42.059481689626182,
    39.812058474788763,
    41.340053217188775,
    45.453272709454048,
    45.276925690687087,
    44.407206622349037,
    51.478150704935004,
    52.55473337388365,
    49.477267507411923,
    48.373546489791295
  ],
  [
    48.0,
    49.365980188789933,
    50.447993022517757,
    53.488316481265329,
    56.824290580701486,
    61.611687202997452,
    52.3450093132096,
    46.227697325304881,
    43.56604182158393,
    41.6293165929973,
    42.059481689626182,
    38.639358172723313,
    38.052595180880893,
    38.052595180880893,
    38.639358172723313,
    39.849717690342551,
    39.812058474788763,
    39.962482405376171,
    40.459856648287818,
    42.449970553582247,
    44.407206622349037,
    45.650848842053307,
    46.238512086787566,
    49.477267507411923,
    53.338541412378348,
    25.0,
    25.179356624028344,
    24.738633753705962,
    25.632011235952593,
    27.294688127912362,
    29.410882339705484,
    32.557641192199412,
    36.235341863986875,
    39.962482405376171,
    42.953463189829058,
    45.221676218380054,
    43.737855457258078,
    41.048751503547585,
    38.052595180880893,
    40.607881008493905,
    42.059481689626182,
    39.812058474788763,
    41.340053217188775,
    45.453272709454048,
    45.276925690687087,
    44.407206622349037,
    51.478150704935004,
    51.623637996561229,
    49.477267507411923,
    48.373546489791295
  ],
  [
    47.0,
    48.373546489791295,
    50.447993022517757,
    54.78138369920935,
    58.180752831155424,
    61.611687202997452,
    52.3450093132096,
    46.227697325304881,
    43.56604182158393,
    44.283179650969061,
    39.849717690342551,
    38.639358172723313,
    38.052595180880893,
    38.052595180880893,
    38.639358172723313,
    39.849717690342551,
    39.812058474788763,
    39.11521443121589,
    40.459856648287818,
    41.036569057366385,
    43.011626335213137,
    44.294469180700204,
    44.944410108488462,
    48.507731342539614,
    52.3450093132096,
    25.0,
    24.186773244895647,
    24.738633753705962,
    25.632011235952593,
    27.294688127912362,
    29.410882339705484,
    32.557641192199412,
    36.235341863986875,
    39.11521443121589,
    41.6293165929973,
    43.965895873961216,
    42.7551166528639,
    41.048751503547585,
    37.054014627297811,
    39.6232255123179,
    40.80441152620633,
    39.812058474788763,
    41.340053217188775,
    45.453272709454048,
    45.276925690687087,
    44.407206622349037,
    51.478150704935004,
    51.623637996561229,
    48.507731342539614,
    47.381430961928537
  ],
  [
    47.0,
    47.381430961928537,
    50.447993022517757,
    53.488316481265329,
    58.180752831155424,
    61.611687202997452,
    52.3450093132096,
    48.270073544588683,
    44.10215414239989,
    42.047592083257278,
    39.849717690342551,
    38.639358172723313,
    38.052595180880893,
    38.052595180880893,
    38.639358172723313,
    38.897300677553446,
    38.483762809787713,
    39.11521443121589,
    39.05124837953327,
    40.311288741492746,
    42.201895692018383,
    43.416586692184822,
    44.011362169330773,
    46.324939287601879,
    49.365980188789933,
    54.0,
    24.186773244895647,
    24.738633753705962,
    25.632011235952593,
    27.294688127912362,
    29.410882339705484,
    32.557641192199412,
    36.235341863986875,
    39.11521443121589,
    42.047592083257278,
    43.965895873961216,
    43.737855457258078,
    42.047592083257278,
    36.055512754639892,
    40.607881008493905,
    42.059481689626182,
    39.812058474788763,
    39.962482405376171,
    45.453272709454048,
    45.276925690687087,
    43.011626335213137,
    51.478150704935004,
    51.623637996561229,
    49.477267507411923,
    47.381430961928537
  ],
  [
    46.0,
    47.381430961928537,
    49.477267507411923,
    53.488316481265329,
    56.824290580701486,
    61.611687202997452,
    54.488530903301111,
    48.270073544588683,
    44.944410108488462,
    41.6293165929973,
    40.80441152620633,
    38.639358172723313,
    38.052595180880893,
    38.052595180880893,
    39.6232255123179,
    39.849717690342551,
    39.812058474788763,
    39.11521443121589,
    40.459856648287818,
    40.311288741492746,
    42.201895692018383,
    44.294469180700204,
    44.011362169330773,
    46.324939287601879,
    50.358713248056688,
    54.0,
    25.179356624028344,
    25.709920264364882,
    26.570660511172846,
    28.178005607210743,
    30.805843601498726,
    32.557641192199412,
    36.235341863986875,
    39.962482405376171,
    42.047592083257278,
    43.965895873961216,
    43.737855457258078,
    41.048751503547585,
    37.054014627297811,
    39.6232255123179,
    40.80441152620633,
    39.812058474788763,
    41.340053217188775,
    45.453272709454048,
    45.276925690687087,
    42.201895692018383,
    50.119856344566671,
    50.328918128646478,
    48.507731342539614,
    46.2709412050371
  ],
  [
    46.0,
    47.381430961928537,
    49.477267507411923,
    52.55473337388365,
    56.824290580701486,
    61.611687202997452,
    56.586217403180434,
    50.447993022517757,
    47.169905660283021,
    44.283179650969061,
    43.011626335213137,
    41.593268686170845,
    41.048751503547585,
    41.048751503547585,
    41.593268686170845,
    40.80441152620633,
    39.812058474788763,
    39.11521443121589,
    39.05124837953327,
    39.6232255123179,
    40.80441152620633,
    41.182520563948,
    41.785164831552358,
    44.384682042344295,
    46.2709412050371,
    50.0,
    54.3323108288245,
    26.683328128252668,
    27.856776554368238,
    29.5296461204668,
    32.202484376209235,
    33.97057550292606,
    37.643060449437421,
    41.340053217188775,
    44.283179650969061,
    45.221676218380054,
    43.737855457258078,
    39.05124837953327,
    37.054014627297811,
    39.6232255123179,
    40.80441152620633,
    38.483762809787713,
    39.962482405376171,
    44.045431091090478,
    43.863424398922618,
    42.201895692018383,
    49.244289008980523,
    50.328918128646478,
    49.477267507411923,
    47.381430961928537
  ],
  [
    47.0,
    48.373546489791295,
    49.477267507411923,
    54.78138369920935,
    58.180752831155424,
    63.007936008093459,
    58.728187440104094,
    51.855568649856693,
    48.548944375753422,
    46.518813398452032,
    46.173585522460783,
    42.7551166528639,
    43.046486500061768,
    43.046486500061768,
    42.7551166528639,
    42.059481689626182,
    39.812058474788763,
    39.11521443121589,
    39.05124837953327,
    39.6232255123179,
    40.80441152620633,
    41.182520563948,
    40.853396431630991,
    43.174066289845804,
    46.2709412050371,
    49.0,
    53.338541412378348,
    65.969690009882569,
    27.856776554368238,
    28.178005607210743,
    32.202484376209235,
    35.383612025908263,
    39.05124837953327,
    42.720018726587654,
    45.188494110780013,
    47.127486671792717,
    45.705579528105758,
    42.047592083257278,
    38.052595180880893,
    41.593268686170845,
    42.059481689626182,
    39.812058474788763,
    41.340053217188775,
    45.453272709454048,
    45.276925690687087,
    43.011626335213137,
    51.478150704935004,
    51.623637996561229,
    49.477267507411923,
    48.373546489791295
  ],
  [
    46.0,
    47.381430961928537,
    49.477267507411923,
    53.488316481265329,
    56.824290580701486,
    61.611687202997452,
    58.728187440104094,
    53.2634959423431,
    48.548944375753422,
    46.518813398452032,
    45.221676218380054,
    43.737855457258078,
    43.046486500061768,
    43.046486500061768,
    42.7551166528639,
    42.059481689626182,
    39.812058474788763,
    39.11521443121589,
    39.05124837953327,
    39.6232255123179,
    40.80441152620633,
    39.824615503479755,
    40.853396431630991,
    42.201895692018383,
    44.283179650969061,
    48.0,
    52.3450093132096,
    58.694122363316758,
    29.154759474226502,
    30.4138126514911,
    33.015148038438355,
    37.483329627982627,
    40.459856648287818,
    44.10215414239989,
    46.518813398452032,
    48.383881613611777,
    46.690470119715009,
    40.049968789001575,
    40.049968789001575,
    41.593268686170845,
    42.059481689626182,
    39.812058474788763,
    42.720018726587654,
    45.453272709454048,
    45.276925690687087,
    45.803929962395145,
    51.478150704935004,
    51.623637996561229,
    48.507731342539614,
    47.381430961928537
  ],
  [
    51.0,
    51.35172830587107,
    52.630789467763066,
    57.0087712549569,
    59.0592922409336,
    63.007936008093459,
    56.586217403180434,
    50.447993022517757,
    47.169905660283021,
    44.283179650969061,
    45.221676218380054,
    41.593268686170845,
    41.048751503547585,
    41.048751503547585,
    41.593268686170845,
    42.059481689626182,
    40.718546143004666,
    41.340053217188775,
    41.231056256176608,
    42.449970553582247,
    43.011626335213137,
    44.294469180700204,
    44.944410108488462,
    46.324939287601879,
    50.358713248056688,
    54.0,
    24.186773244895647,
    24.738633753705962,
    24.698178070456937,
    26.419689627245813,
    30.805843601498726,
    32.557641192199412,
    37.643060449437421,
    42.720018726587654,
    46.518813398452032,
    48.383881613611777,
    46.690470119715009,
    42.047592083257278,
    41.048751503547585,
    42.7551166528639,
    42.059481689626182,
    39.812058474788763,
    43.56604182158393,
    46.227697325304881,
    45.276925690687087,
    47.201694884823787,
    52.354560450833695,
    53.488316481265329,
    51.419840528729765,
    50.358713248056688
  ],
  [
    51.0,
    51.35172830587107,
    53.600373133029585,
    57.0087712549569,
    59.0592922409336,
    63.007936008093459,
    55.172456896534889,
    49.040799340956916,
    44.944410108488462,
    42.953463189829058,
    42.059481689626182,
    42.7551166528639,
    40.049968789001575,
    40.049968789001575,
    40.607881008493905,
    43.011626335213137,
    42.047592083257278,
    41.340053217188775,
    42.638011210655684,
    43.863424398922618,
    44.407206622349037,
    46.529560496527367,
    47.169905660283021,
    48.507731342539614,
    52.3450093132096,
    24.0,
    23.194827009486403,
    22.561028345356956,
    23.409399821439251,
    22.825424421026653,
    25.80697580112788,
    30.4138126514911,
    37.643060449437421,
    43.56604182158393,
    46.518813398452032,
    47.127486671792717,
    45.705579528105758,
    40.049968789001575,
    42.047592083257278,
    42.7551166528639,
    39.849717690342551,
    40.718546143004666,
    44.944410108488462,
    45.453272709454048,
    43.863424398922618,
    49.4064773081425,
    51.478150704935004,
    51.623637996561229,
    51.419840528729765,
    50.358713248056688
  ],
  [
    51.0,
    51.35172830587107,
    53.600373133029585,
    55.713553108736477,
    59.0592922409336,
    61.611687202997452,
    55.172456896534889,
    49.040799340956916,
    44.944410108488462,
    42.953463189829058,
    42.059481689626182,
    40.607881008493905,
    40.049968789001575,
    40.049968789001575,
    41.593268686170845,
    43.011626335213137,
    42.047592083257278,
    41.340053217188775,
    42.638011210655684,
    43.863424398922618,
    44.407206622349037,
    45.650848842053307,
    46.238512086787566,
    48.507731342539614,
    52.3450093132096,
    56.0,
    24.186773244895647,
    23.53720459187964,
    23.409399821439251,
    23.706539182259394,
    25.80697580112788,
    30.4138126514911,
    39.05124837953327,
    43.56604182158393,
    46.518813398452032,
    47.127486671792717,
    45.705579528105758,
    40.049968789001575,
    42.047592083257278,
    42.7551166528639,
    39.849717690342551,
    40.718546143004666,
    44.944410108488462,
    45.453272709454048,
    42.449970553582247,
    49.4064773081425,
    51.478150704935004,
    51.623637996561229,
    50.447993022517757,
    50.358713248056688
  ],
  [
    51.0,
    51.35172830587107,
    53.600373133029585,
    57.0087712549569,
    59.0592922409336,
    63.007936008093459,
    55.172456896534889,
    49.040799340956916,
    46.324939287601879,
    44.283179650969061,
    43.011626335213137,
    40.607881008493905,
    40.049968789001575,
    41.048751503547585,
    41.593268686170845,
    43.011626335213137,
    41.6293165929973,
    41.340053217188775,
    41.231056256176608,
    42.449970553582247,
    43.011626335213137,
    45.650848842053307,
    44.944410108488462,
    47.296934361541872,
    50.358713248056688,
    55.0,
    24.186773244895647,
    23.53720459187964,
    24.698178070456937,
    24.186773244895647,
    24.413111231467404,
    28.319604517012593,
    39.05124837953327,
    44.10215414239989,
    46.518813398452032,
    48.383881613611777,
    46.690470119715009,
    39.05124837953327,
    42.047592083257278,
    42.7551166528639,
    42.059481689626182,
    38.483762809787713,
    44.944410108488462,
    46.227697325304881,
    43.863424398922618,
    49.4064773081425,
    52.354560450833695,
    52.55473337388365,
    51.419840528729765,
    50.358713248056688
  ],
  [
    51.0,
    51.35172830587107,
    53.600373133029585,
    55.713553108736477,
    59.0592922409336,
    63.007936008093459,
    56.586217403180434,
    50.447993022517757,
    46.324939287601879,
    44.283179650969061,
    43.011626335213137,
    41.593268686170845,
    41.048751503547585,
    41.048751503547585,
    41.593268686170845,
    43.011626335213137,
    41.6293165929973,
    41.340053217188775,
    41.231056256176608,
    42.449970553582247,
    43.011626335213137,
    44.294469180700204,
    44.944410108488462,
    46.324939287601879,
    50.358713248056688,
    54.0,
    24.186773244895647,
    24.738633753705962,
    24.698178070456937,
    26.419689627245813,
    25.80697580112788,
    28.319604517012593,
    39.05124837953327,
    44.10215414239989,
    46.518813398452032,
    48.383881613611777,
    46.690470119715009,
    39.05124837953327,
    42.047592083257278,
    42.7551166528639,
    42.059481689626182,
    38.483762809787713,
    44.944410108488462,
    46.227697325304881,
    45.276925690687087,
    49.4064773081425,
    52.354560450833695,
    52.55473337388365,
    50.447993022517757,
    49.365980188789933
  ],
  [
    50.0,
    50.358713248056688,
    52.630789467763066,
    55.713553108736477,
    59.0592922409336,
    62.201286160335947,
    56.586217403180434,
    50.447993022517757,
    46.324939287601879,
    44.283179650969061,
    43.011626335213137,
    41.593268686170845,
    41.048751503547585,
    41.048751503547585,
    41.593268686170845,
    43.011626335213137,
    41.6293165929973,
    41.340053217188775,
    41.231056256176608,
    42.449970553582247,
    43.011626335213137,
    44.294469180700204,
    44.944410108488462,
    46.324939287601879,
    49.365980188789933,
    54.0,
    24.186773244895647,
    24.738633753705962,
    24.698178070456937,
    26.419689627245813,
    25.80697580112788,
    28.319604517012593,
    39.05124837953327,
    44.10215414239989,
    46.518813398452032,
    48.383881613611777,
    46.690470119715009,
    39.05124837953327,
    42.047592083257278,
    42.7551166528639,
    40.80441152620633,
    39.812058474788763,
    44.944410108488462,
    45.453272709454048,
    43.863424398922618,
    49.4064773081425,
    52.354560450833695,
    51.623637996561229,
    50.447993022517757,
    49.365980188789933
  ],
  [
    49.0,
    49.365980188789933,
    51.419840528729765,
    54.78138369920935,
    58.180752831155424,
    61.611687202997452,
    59.413803110051795,
    54.671747731346578,
    49.396356140913873,
    47.4236228055175,
    47.127486671792717,
    44.721359549995796,
    44.045431091090478,
    44.045431091090478,
    44.721359549995796,
    43.965895873961216,
    42.047592083257278,
    41.340053217188775,
    41.231056256176608,
    42.449970553582247,
    42.201895692018383,
    43.416586692184822,
    43.08131845707603,
    44.384682042344295,
    47.381430961928537,
    50.0,
    53.338541412378348,
    26.683328128252668,
    27.856776554368238,
    29.5296461204668,
    33.015148038438355,
    36.069377593742864,
    40.459856648287818,
    44.944410108488462,
    47.4236228055175,
    48.383881613611777,
    46.690470119715009,
    38.052595180880893,
    41.048751503547585,
    41.593268686170845,
    40.80441152620633,
    37.576588456111871,
    42.720018726587654,
    45.453272709454048,
    43.863424398922618,
    42.201895692018383,
    51.478150704935004,
    51.623637996561229,
    49.477267507411923,
    48.373546489791295
  ],
  [
    46.0,
    47.381430961928537,
    48.507731342539614,
    51.623637996561229,
    55.470712993434653,
    60.21627686929839,
    64.381674411279491,
    56.850681614207581,
    53.0,
    50.566787519082126,
    50.289163842720633,
    47.675989764240867,
    47.095647357266465,
    47.095647357266465,
    46.690470119715009,
    46.173585522460783,
    44.283179650969061,
    42.720018726587654,
    41.231056256176608,
    41.036569057366385,
    42.201895692018383,
    41.182520563948,
    40.853396431630991,
    41.231056256176608,
    43.289721643826724,
    46.0,
    49.365980188789933,
    52.630789467763066,
    61.098281481560512,
    72.945184899347538,
    37.20215047547655,
    39.6232255123179,
    43.278170016764804,
    48.548944375753422,
    49.658836071740545,
    50.289163842720633,
    47.675989764240867,
    39.05124837953327,
    41.048751503547585,
    41.593268686170845,
    40.80441152620633,
    37.576588456111871,
    42.720018726587654,
    45.453272709454048,
    43.863424398922618,
    42.201895692018383,
    50.119856344566671,
    50.328918128646478,
    48.507731342539614,
    46.2709412050371
  ],
  [
    47.0,
    47.381430961928537,
    49.477267507411923,
    52.55473337388365,
    56.824290580701486,
    60.21627686929839,
    64.381674411279491,
    58.258046654518033,
    53.0,
    50.566787519082126,
    51.546095875439491,
    47.675989764240867,
    47.095647357266465,
    47.095647357266465,
    46.690470119715009,
    45.221676218380054,
    44.283179650969061,
    42.720018726587654,
    41.231056256176608,
    41.036569057366385,
    42.201895692018383,
    41.182520563948,
    40.853396431630991,
    41.231056256176608,
    43.289721643826724,
    45.0,
    48.373546489791295,
    51.419840528729765,
    60.166435825965294,
    72.945184899347538,
    37.20215047547655,
    39.6232255123179,
    43.278170016764804,
    48.548944375753422,
    49.658836071740545,
    50.289163842720633,
    47.675989764240867,
    38.052595180880893,
    41.048751503547585,
    41.593268686170845,
    42.059481689626182,
    38.483762809787713,
    42.720018726587654,
    45.453272709454048,
    45.276925690687087,
    42.201895692018383,
    51.478150704935004,
    51.623637996561229,
    49.477267507411923,
    47.381430961928537
  ],
  [
    48.0,
    48.373546489791295,
    50.447993022517757,
    54.78138369920935,
    58.180752831155424,
    61.611687202997452,
    61.554853586049575,
    54.671747731346578,
    49.396356140913873,
    47.4236228055175,
    48.383881613611777,
    44.721359549995796,
    44.045431091090478,
    44.045431091090478,
    44.721359549995796,
    43.965895873961216,
    42.047592083257278,
    41.340053217188775,
    40.459856648287818,
    40.311288741492746,
    40.80441152620633,
    42.059481689626182,
    41.785164831552358,
    42.201895692018383,
    44.283179650969061,
    47.0,
    50.358713248056688,
    55.542776307995261,
    29.154759474226502,
    31.76476034853718,
    34.409301068170507,
    38.2099463490856,
    42.638011210655684,
    46.324939287601879,
    48.332183894378289,
    48.383881613611777,
    45.705579528105758,
    39.05124837953327,
    40.049968789001575,
    40.607881008493905,
    38.897300677553446,
    37.576588456111871,
    42.720018726587654,
    44.045431091090478,
    43.863424398922618,
    44.407206622349037,
    50.119856344566671,
    51.623637996561229,
    48.507731342539614,
    47.381430961928537
  ],
  [
    50.0,
    50.358713248056688,
    52.630789467763066,
    55.713553108736477,
    58.180752831155424,
    61.611687202997452,
    55.172456896534889,
    49.040799340956916,
    46.324939287601879,
    42.953463189829058,
    42.059481689626182,
    40.607881008493905,
    40.049968789001575,
    40.049968789001575,
    40.607881008493905,
    42.059481689626182,
    40.718546143004666,
    39.962482405376171,
    40.459856648287818,
    41.036569057366385,
    42.201895692018383,
    44.294469180700204,
    44.944410108488462,
    46.324939287601879,
    50.358713248056688,
    54.0,
    24.186773244895647,
    23.53720459187964,
    24.698178070456937,
    24.186773244895647,
    25.80697580112788,
    28.319604517012593,
    39.05124837953327,
    43.56604182158393,
    46.518813398452032,
    47.127486671792717,
    45.705579528105758,
    39.05124837953327,
    41.048751503547585,
    41.593268686170845,
    39.849717690342551,
    40.718546143004666,
    43.56604182158393,
    45.453272709454048,
    42.449970553582247,
    47.201694884823787,
    51.478150704935004,
    50.328918128646478,
    49.477267507411923,
    49.365980188789933
  ],
  [
    50.0,
    49.365980188789933,
    51.419840528729765,
    53.488316481265329,
    55.946402922797461,
    59.405386961116584,
    52.3450093132096,
    45.453272709454048,
    42.720018726587654,
    40.718546143004666,
    38.897300677553446,
    38.639358172723313,
    38.052595180880893,
    38.052595180880893,
    38.639358172723313,
    39.849717690342551,
    41.6293165929973,
    41.340053217188775,
    42.638011210655684,
    45.276925690687087,
    46.61544808322666,
    49.244289008980523,
    50.328918128646478,
    53.600373133029585,
    58.420886675914119,
    25.0,
    24.186773244895647,
    23.53720459187964,
    23.409399821439251,
    25.059928172283335,
    27.202941017470888,
    27.586228448267445,
    31.240998703626616,
    41.340053217188775,
    46.518813398452032,
    49.33558553417604,
    48.836461788299118,
    44.045431091090478,
    44.045431091090478,
    45.705579528105758,
    43.965895873961216,
    40.718546143004666,
    46.324939287601879,
    46.861498055439924,
    45.276925690687087,
    49.4064773081425,
    52.354560450833695,
    52.55473337388365,
    50.447993022517757,
    49.365980188789933
  ],
  [
    50.0,
    49.365980188789933,
    50.447993022517757,
    52.55473337388365,
    55.470712993434653,
    58.008620049092706,
    52.3450093132096,
    46.227697325304881,
    42.720018726587654,
    40.718546143004666,
    38.897300677553446,
    39.6232255123179,
    38.052595180880893,
    38.052595180880893,
    38.639358172723313,
    39.849717690342551,
    42.953463189829058,
    43.56604182158393,
    44.045431091090478,
    46.690470119715009,
    49.4064773081425,
    50.119856344566671,
    51.623637996561229,
    54.571054598569013,
    28.160255680657446,
    25.0,
    24.186773244895647,
    24.738633753705962,
    24.698178070456937,
    25.059928172283335,
    27.202941017470888,
    28.319604517012593,
    34.058772731852805,
    41.340053217188775,
    46.518813398452032,
    48.383881613611777,
    47.675989764240867,
    42.047592083257278,
    44.045431091090478,
    44.721359549995796,
    42.059481689626182,
    41.6293165929973,
    46.324939287601879,
    46.227697325304881,
    43.863424398922618,
    49.4064773081425,
    51.478150704935004,
    50.328918128646478,
    50.447993022517757,
    49.365980188789933
  ],
  [
    50.0,
    49.365980188789933,
    49.477267507411923,
    51.623637996561229,
    53.712196007983138,
    55.21775076911409,
    52.3450093132096,
    46.227697325304881,
    41.340053217188775,
    39.812058474788763,
    38.897300677553446,
    37.656340767525464,
    38.052595180880893,
    38.052595180880893,
    37.656340767525464,
    39.849717690342551,
    41.6293165929973,
    44.10215414239989,
    45.453272709454048,
    46.690470119715009,
    49.4064773081425,
    51.478150704935004,
    52.55473337388365,
    55.542776307995261,
    60.406953242155822,
    26.0,
    24.186773244895647,
    23.53720459187964,
    23.409399821439251,
    23.706539182259394,
    25.80697580112788,
    26.1725046566048,
    32.649655434629018,
    41.340053217188775,
    46.518813398452032,
    49.33558553417604,
    48.836461788299118,
    45.044422518220834,
    45.044422518220834,
    45.705579528105758,
    42.059481689626182,
    42.953463189829058,
    46.324939287601879,
    45.453272709454048,
    42.449970553582247,
    49.4064773081425,
    51.478150704935004,
    50.328918128646478,
    50.447993022517757,
    49.365980188789933
  ],
  [
    49.0,
    49.365980188789933,
    49.477267507411923,
    50.328918128646478,
    52.354560450833695,
    54.405882034941776,
    52.3450093132096,
    46.227697325304881,
    42.720018726587654,
    39.812058474788763,
    37.643060449437421,
    37.656340767525464,
    37.054014627297811,
    38.052595180880893,
    38.639358172723313,
    39.849717690342551,
    41.6293165929973,
    44.944410108488462,
    45.453272709454048,
    46.690470119715009,
    49.4064773081425,
    51.478150704935004,
    52.55473337388365,
    54.571054598569013,
    57.428216061444921,
    26.0,
    23.194827009486403,
    22.561028345356956,
    21.540659228538015,
    22.825424421026653,
    11.401754250991379,
    10.63014581273465,
    14.212670403551895,
    41.340053217188775,
    45.188494110780013,
    48.383881613611777,
    47.675989764240867,
    44.045431091090478,
    44.045431091090478,
    42.7551166528639,
    39.849717690342551,
    44.283179650969061,
    44.944410108488462,
    43.278170016764804,
    43.863424398922618,
    48.010415536631214,
    49.244289008980523,
    49.396356140913873,
    49.477267507411923,
    49.365980188789933
  ],
  [
    49.0,
    48.373546489791295,
    49.477267507411923,
    50.328918128646478,
    51.478150704935004,
    53.009433122794285,
    50.931326312987373,
    45.453272709454048,
    41.340053217188775,
    38.483762809787713,
    36.687872655688281,
    36.496575181789318,
    36.055512754639892,
    37.054014627297811,
    37.656340767525464,
    38.897300677553446,
    40.718546143004666,
    43.56604182158393,
    45.453272709454048,
    46.690470119715009,
    48.010415536631214,
    51.478150704935004,
    51.623637996561229,
    53.600373133029585,
    57.428216061444921,
    25.0,
    23.194827009486403,
    21.587033144922902,
    21.540659228538015,
    22.825424421026653,
    11.401754250991379,
    10.63014581273465,
    15.620499351813308,
    42.720018726587654,
    46.518813398452032,
    48.383881613611777,
    47.675989764240867,
    45.044422518220834,
    45.044422518220834,
    42.7551166528639,
    43.011626335213137,
    45.188494110780013,
    44.10215414239989,
    42.638011210655684,
    45.276925690687087,
    48.010415536631214,
    49.244289008980523,
    49.396356140913873,
    49.477267507411923,
    49.365980188789933
  ],
  [
    48.0,
    47.381430961928537,
    48.507731342539614,
    49.396356140913873,
    51.478150704935004,
    53.009433122794285,
    49.51767361255979,
    44.045431091090478,
    39.962482405376171,
    37.576588456111871,
    35.735136770411273,
    35.510561809129406,
    35.057096285916209,
    36.055512754639892,
    36.496575181789318,
    36.687872655688281,
    39.812058474788763,
    42.720018726587654,
    43.278170016764804,
    43.863424398922618,
    45.803929962395145,
    47.885279575251516,
    50.328918128646478,
    51.419840528729765,
    53.338541412378348,
    57.0,
    26.1725046566048,
    24.738633753705962,
    22.472205054244231,
    25.059928172283335,
    10.0,
    33.97057550292606,
    40.459856648287818,
    44.10215414239989,
    46.518813398452032,
    43.965895873961216,
    41.593268686170845,
    42.047592083257278,
    41.048751503547585,
    37.656340767525464,
    42.059481689626182,
    44.283179650969061,
    42.720018726587654,
    40.459856648287818,
    45.276925690687087,
    47.201694884823787,
    47.885279575251516,
    48.466483264210538,
    48.507731342539614,
    48.373546489791295
  ],
  [
    48.0,
    48.373546489791295,
    48.507731342539614,
    49.396356140913873,
    51.478150704935004,
    53.009433122794285,
    49.51767361255979,
    44.045431091090478,
    39.962482405376171,
    37.576588456111871,
    35.735136770411273,
    35.510561809129406,
    35.057096285916209,
    36.055512754639892,
    35.510561809129406,
    36.687872655688281,
    39.812058474788763,
    42.720018726587654,
    42.638011210655684,
    43.863424398922618,
    45.803929962395145,
    47.885279575251516,
    50.328918128646478,
    51.419840528729765,
    53.338541412378348,
    29.0,
    25.179356624028344,
    23.53720459187964,
    22.472205054244231,
    23.706539182259394,
    10.0,
    9.2195444572928871,
    39.05124837953327,
    43.56604182158393,
    46.518813398452032,
    43.965895873961216,
    40.607881008493905,
    41.048751503547585,
    41.048751503547585,
    38.639358172723313,
    40.80441152620633,
    44.283179650969061,
    43.56604182158393,
    42.638011210655684,
    45.276925690687087,
    48.010415536631214,
    49.244289008980523,
    48.466483264210538,
    48.507731342539614,
    48.373546489791295
  ],
  [
    49.0,
    48.373546489791295,
    49.477267507411923,
    50.328918128646478,
    52.354560450833695,
    54.405882034941776,
    50.931326312987373,
    45.453272709454048,
    41.340053217188775,
    38.483762809787713,
    37.643060449437421,
    36.496575181789318,
    37.054014627297811,
    37.054014627297811,
    37.656340767525464,
    38.897300677553446,
    40.718546143004666,
    43.56604182158393,
    44.045431091090478,
    45.276925690687087,
    46.61544808322666,
    49.244289008980523,
    51.623637996561229,
    52.630789467763066,
    55.443665102516448,
    27.0,
    24.186773244895647,
    23.53720459187964,
    21.540659228538015,
    23.706539182259394,
    28.600699292150182,
    9.2195444572928871,
    39.05124837953327,
    43.56604182158393,
    46.518813398452032,
    45.221676218380054,
    39.6232255123179,
    41.048751503547585,
    41.048751503547585,
    39.6232255123179,
    37.643060449437421,
    42.953463189829058,
    44.10215414239989,
    42.638011210655684,
    43.863424398922618,
    49.4064773081425,
    49.244289008980523,
    49.396356140913873,
    49.477267507411923,
    48.373546489791295
  ],
  [
    52.0,
    51.35172830587107,
    51.419840528729765,
    53.488316481265329,
    55.470712993434653,
    58.008620049092706,
    54.488530903301111,
    46.227697325304881,
    42.720018726587654,
    40.718546143004666,
    38.897300677553446,
    40.607881008493905,
    38.052595180880893,
    38.052595180880893,
    38.639358172723313,
    39.849717690342551,
    41.6293165929973,
    42.720018726587654,
    42.638011210655684,
    43.863424398922618,
    45.803929962395145,
    47.885279575251516,
    49.396356140913873,
    50.447993022517757,
    53.338541412378348,
    57.0,
    23.194827009486403,
    22.561028345356956,
    20.248456731316587,
    21.470910553583888,
    24.413111231467404,
    28.319604517012593,
    32.649655434629018,
    41.340053217188775,
    44.283179650969061,
    46.173585522460783,
    44.721359549995796,
    40.049968789001575,
    41.048751503547585,
    41.593268686170845,
    38.897300677553446,
    42.953463189829058,
    46.324939287601879,
    45.453272709454048,
    42.449970553582247,
    49.4064773081425,
    51.478150704935004,
    51.623637996561229,
    51.419840528729765,
    51.35172830587107
  ],
  [
    52.0,
    52.3450093132096,
    52.630789467763066,
    54.78138369920935,
    56.824290580701486,
    59.405386961116584,
    55.172456896534889,
    49.040799340956916,
    44.944410108488462,
    41.6293165929973,
    40.80441152620633,
    40.607881008493905,
    39.05124837953327,
    39.05124837953327,
    39.6232255123179,
    42.059481689626182,
    42.953463189829058,
    42.720018726587654,
    42.638011210655684,
    42.449970553582247,
    44.407206622349037,
    45.650848842053307,
    48.466483264210538,
    48.507731342539614,
    51.35172830587107,
    55.0,
    24.186773244895647,
    22.561028345356956,
    22.472205054244231,
    20.591260281974,
    23.600847442411894,
    27.586228448267445,
    32.649655434629018,
    41.340053217188775,
    44.283179650969061,
    47.127486671792717,
    45.705579528105758,
    42.047592083257278,
    41.048751503547585,
    42.7551166528639,
    40.80441152620633,
    40.718546143004666,
    44.944410108488462,
    46.227697325304881,
    45.276925690687087,
    47.201694884823787,
    52.354560450833695,
    52.55473337388365,
    52.630789467763066,
    52.3450093132096
  ],
  [
    52.0,
    52.3450093132096,
    52.630789467763066,
    53.488316481265329,
    55.470712993434653,
    58.008620049092706,
    59.413803110051795,
    53.2634959423431,
    48.548944375753422,
    45.188494110780013,
    43.011626335213137,
    42.7551166528639,
    42.047592083257278,
    42.047592083257278,
    42.7551166528639,
    43.011626335213137,
    44.283179650969061,
    43.56604182158393,
    43.278170016764804,
    43.863424398922618,
    44.407206622349037,
    45.650848842053307,
    48.466483264210538,
    48.507731342539614,
    50.358713248056688,
    54.0,
    57.428216061444921,
    24.738633753705962,
    23.409399821439251,
    23.706539182259394,
    22.203603311174518,
    26.1725046566048,
    31.240998703626616,
    39.11521443121589,
    44.283179650969061,
    47.127486671792717,
    47.675989764240867,
    46.043457732885351,
    41.048751503547585,
    42.7551166528639,
    42.059481689626182,
    39.812058474788763,
    43.56604182158393,
    46.227697325304881,
    46.690470119715009,
    43.011626335213137,
    51.478150704935004,
    52.55473337388365,
    52.630789467763066,
    52.3450093132096
  ],
  [
    51.0,
    52.3450093132096,
    52.630789467763066,
    53.488316481265329,
    55.470712993434653,
    57.201398584300364,
    59.413803110051795,
    53.2634959423431,
    48.548944375753422,
    45.188494110780013,
    43.011626335213137,
    41.593268686170845,
    44.045431091090478,
    42.047592083257278,
    41.593268686170845,
    43.011626335213137,
    44.283179650969061,
    43.56604182158393,
    43.278170016764804,
    43.863424398922618,
    44.407206622349037,
    45.650848842053307,
    48.466483264210538,
    49.477267507411923,
    50.358713248056688,
    54.0,
    57.428216061444921,
    24.738633753705962,
    23.409399821439251,
    23.706539182259394,
    23.600847442411894,
    26.1725046566048,
    31.240998703626616,
    39.11521443121589,
    44.283179650969061,
    47.127486671792717,
    47.675989764240867,
    46.043457732885351,
    41.048751503547585,
    42.7551166528639,
    42.059481689626182,
    39.812058474788763,
    43.56604182158393,
    46.227697325304881,
    45.276925690687087,
    43.011626335213137,
    51.478150704935004,
    52.55473337388365,
    52.630789467763066,
    52.3450093132096
  ],
  [
    53.0,
    52.3450093132096,
    52.630789467763066,
    54.78138369920935,
    56.824290580701486,
    59.405386961116584,
    55.172456896534889,
    49.040799340956916,
    44.944410108488462,
    41.6293165929973,
    40.80441152620633,
    40.607881008493905,
    40.049968789001575,
    39.05124837953327,
    39.6232255123179,
    42.059481689626182,
    44.283179650969061,
    42.720018726587654,
    42.638011210655684,
    43.863424398922618,
    45.803929962395145,
    47.885279575251516,
    49.396356140913873,
    51.419840528729765,
    55.443665102516448,
    60.0,
    24.186773244895647,
    22.561028345356956,
    22.472205054244231,
    22.825424421026653,
    22.203603311174518,
    26.1725046566048,
    31.240998703626616,
    39.11521443121589,
    44.283179650969061,
    48.383881613611777,
    47.675989764240867,
    44.045431091090478,
    42.047592083257278,
    42.7551166528639,
    42.059481689626182,
    39.812058474788763,
    44.944410108488462,
    46.861498055439924,
    46.690470119715009,
    47.201694884823787,
    53.712196007983138,
    53.488316481265329,
    53.600373133029585,
    52.3450093132096
  ],
  [
    51.0,
    50.358713248056688,
    51.419840528729765,
    53.488316481265329,
    55.470712993434653,
    58.008620049092706,
    50.931326312987373,
    45.453272709454048,
    41.340053217188775,
    39.812058474788763,
    37.643060449437421,
    37.656340767525464,
    37.054014627297811,
    37.054014627297811,
    37.656340767525464,
    39.849717690342551,
    41.6293165929973,
    42.720018726587654,
    43.278170016764804,
    45.276925690687087,
    47.201694884823787,
    50.119856344566671,
    51.623637996561229,
    54.571054598569013,
    59.413803110051795,
    26.0,
    23.194827009486403,
    22.561028345356956,
    22.472205054244231,
    22.825424421026653,
    23.600847442411894,
    28.319604517012593,
    34.058772731852805,
    5.8309518948453007,
    46.518813398452032,
    48.383881613611777,
    46.690470119715009,
    41.048751503547585,
    43.046486500061768,
    43.737855457258078,
    40.80441152620633,
    44.283179650969061,
    47.169905660283021,
    46.227697325304881,
    43.863424398922618,
    51.61395160225576,
    52.354560450833695,
    52.55473337388365,
    51.419840528729765,
    51.35172830587107
  ],
  [
    51.0,
    50.358713248056688,
    51.419840528729765,
    53.488316481265329,
    55.470712993434653,
    58.008620049092706,
    50.931326312987373,
    45.453272709454048,
    41.340053217188775,
    39.812058474788763,
    37.643060449437421,
    37.656340767525464,
    37.054014627297811,
    37.054014627297811,
    37.656340767525464,
    39.849717690342551,
    41.6293165929973,
    43.56604182158393,
    44.045431091090478,
    46.690470119715009,
    49.4064773081425,
    51.478150704935004,
    51.623637996561229,
    56.753854494650845,
    61.400325732035007,
    26.0,
    23.194827009486403,
    22.561028345356956,
    22.472205054244231,
    21.470910553583888,
    24.413111231467404,
    30.4138126514911,
    6.4031242374328485,
    4.47213595499958,
    4.47213595499958,
    48.383881613611777,
    45.705579528105758,
    42.047592083257278,
    43.046486500061768,
    42.7551166528639,
    39.849717690342551,
    44.283179650969061,
    47.169905660283021,
    46.227697325304881,
    42.449970553582247,
    51.61395160225576,
    52.354560450833695,
    52.55473337388365,
    51.419840528729765,
    51.35172830587107
  ],
  [
    51.0,
    50.358713248056688,
    51.419840528729765,
    53.488316481265329,
    55.470712993434653,
    58.008620049092706,
    50.931326312987373,
    45.453272709454048,
    41.340053217188775,
    39.812058474788763,
    37.643060449437421,
    37.656340767525464,
    37.054014627297811,
    37.054014627297811,
    38.639358172723313,
    39.849717690342551,
    42.953463189829058,
    43.56604182158393,
    44.045431091090478,
    46.690470119715009,
    49.4064773081425,
    51.478150704935004,
    51.623637996561229,
    55.542776307995261,
    60.406953242155822,
    26.0,
    23.194827009486403,
    23.53720459187964,
    23.409399821439251,
    21.470910553583888,
    24.413111231467404,
    31.144823004794873,
    5.0,
    4.47213595499958,
    4.47213595499958,
    48.383881613611777,
    45.705579528105758,
    42.047592083257278,
    43.046486500061768,
    42.7551166528639,
    39.849717690342551,
    44.283179650969061,
    47.169905660283021,
    45.453272709454048,
    42.449970553582247,
    51.61395160225576,
    52.354560450833695,
    52.55473337388365,
    51.419840528729765,
    51.35172830587107
  ],
  [
    52.0,
    51.35172830587107,
    51.419840528729765,
    53.488316481265329,
    54.589376255824725,
    57.201398584300364,
    55.172456896534889,
    49.040799340956916,
    44.944410108488462,
    41.6293165929973,
    39.849717690342551,
    39.6232255123179,
    39.05124837953327,
    39.05124837953327,
    39.6232255123179,
    40.80441152620633,
    42.953463189829058,
    43.56604182158393,
    43.278170016764804,
    45.276925690687087,
    46.61544808322666,
    49.244289008980523,
    50.328918128646478,
    52.630789467763066,
    55.443665102516448,
    27.0,
    24.186773244895647,
    23.53720459187964,
    23.409399821439251,
    22.825424421026653,
    23.600847442411894,
    27.586228448267445,
    31.240998703626616,
    4.47213595499958,
    4.47213595499958,
    48.383881613611777,
    46.690470119715009,
    43.046486500061768,
    42.047592083257278,
    42.7551166528639,
    42.059481689626182,
    38.483762809787713,
    44.944410108488462,
    46.861498055439924,
    45.276925690687087,
    47.201694884823787,
    52.354560450833695,
    52.55473337388365,
    52.630789467763066,
    51.35172830587107
  ],
  [
    52.0,
    52.3450093132096,
    52.630789467763066,
    53.488316481265329,
    54.589376255824725,
    56.612719418872643,
    55.172456896534889,
    50.447993022517757,
    44.944410108488462,
    42.953463189829058,
    40.80441152620633,
    40.607881008493905,
    41.048751503547585,
    40.049968789001575,
    40.607881008493905,
    42.059481689626182,
    44.283179650969061,
    43.56604182158393,
    43.278170016764804,
    43.863424398922618,
    45.803929962395145,
    47.885279575251516,
    49.396356140913873,
    50.447993022517757,
    53.338541412378348,
    57.0,
    26.1725046566048,
    24.738633753705962,
    23.409399821439251,
    22.825424421026653,
    22.203603311174518,
    23.345235059857504,
    29.832867780352597,
    37.735924528226413,
    9.8488578017961039,
    4.1231056256176606,
    47.675989764240867,
    46.043457732885351,
    41.048751503547585,
    42.7551166528639,
    43.011626335213137,
    40.718546143004666,
    43.56604182158393,
    46.861498055439924,
    46.690470119715009,
    44.407206622349037,
    52.354560450833695,
    53.488316481265329,
    53.600373133029585,
    53.338541412378348
  ],
  [
    54.0,
    52.3450093132096,
    52.630789467763066,
    52.55473337388365,
    53.712196007983138,
    55.21775076911409,
    57.3149195236284,
    53.2634959423431,
    48.548944375753422,
    45.188494110780013,
    42.059481689626182,
    41.593268686170845,
    42.047592083257278,
    42.047592083257278,
    42.7551166528639,
    43.011626335213137,
    45.188494110780013,
    44.944410108488462,
    44.045431091090478,
    43.863424398922618,
    44.407206622349037,
    46.529560496527367,
    48.466483264210538,
    50.447993022517757,
    51.35172830587107,
    54.0,
    58.420886675914119,
    28.861739379323623,
    26.570660511172846,
    26.419689627245813,
    25.80697580112788,
    24.758836806279895,
    25.612496949731394,
    31.906112267087632,
    41.6293165929973,
    47.127486671792717,
    49.8196748283246,
    50.089919145472777,
    49.091750834534309,
    42.7551166528639,
    43.965895873961216,
    44.283179650969061,
    42.720018726587654,
    45.453272709454048,
    49.51767361255979,
    48.010415536631214,
    45.650848842053307,
    54.78138369920935,
    55.542776307995261,
    54.3323108288245
  ],
  [
    57.0,
    55.443665102516448,
    53.600373133029585,
    54.78138369920935,
    53.712196007983138,
    54.405882034941776,
    56.586217403180434,
    58.258046654518033,
    53.0,
    48.332183894378289,
    46.173585522460783,
    43.737855457258078,
    44.045431091090478,
    44.045431091090478,
    44.721359549995796,
    45.221676218380054,
    47.4236228055175,
    48.548944375753422,
    46.861498055439924,
    46.690470119715009,
    45.803929962395145,
    45.650848842053307,
    46.238512086787566,
    47.296934361541872,
    49.365980188789933,
    51.0,
    52.3450093132096,
    55.542776307995261,
    61.098281481560512,
    29.5296461204668,
    27.202941017470888,
    27.586228448267445,
    28.42534080710379,
    29.681644159311659,
    32.202484376209235,
    38.897300677553446,
    45.705579528105758,
    49.091750834534309,
    50.089919145472777,
    49.8196748283246,
    45.221676218380054,
    44.283179650969061,
    46.324939287601879,
    45.453272709454048,
    42.449970553582247,
    49.4064773081425,
    50.119856344566671,
    48.466483264210538,
    52.630789467763066,
    56.435804238089851
  ],
  [
    56.0,
    57.428216061444921,
    12.369316876852981,
    53.488316481265329,
    26.419689627245813,
    53.009433122794285,
    54.488530903301111,
    55.443665102516448,
    55.758407437802596,
    50.566787519082126,
    47.127486671792717,
    45.705579528105758,
    44.045431091090478,
    44.045431091090478,
    45.705579528105758,
    46.173585522460783,
    47.4236228055175,
    49.396356140913873,
    48.270073544588683,
    46.690470119715009,
    45.803929962395145,
    44.294469180700204,
    44.011362169330773,
    45.354161881794269,
    46.2709412050371,
    48.0,
    49.365980188789933,
    50.447993022517757,
    53.488316481265329,
    59.0592922409336,
    27.202941017470888,
    26.1725046566048,
    26.248809496813376,
    27.459060435491963,
    28.635642126552707,
    30.364452901377952,
    37.656340767525464,
    43.046486500061768,
    46.043457732885351,
    48.836461788299118,
    50.289163842720633,
    48.332183894378289,
    42.720018726587654,
    45.453272709454048,
    46.690470119715009,
    43.011626335213137,
    46.529560496527367,
    51.623637996561229,
    50.447993022517757,
    47.381430961928537
  ],
  [
    56.0,
    55.443665102516448,
    52.630789467763066,
    50.328918128646478,
    51.478150704935004,
    51.61395160225576,
    54.488530903301111,
    56.850681614207581,
    54.378304497290095,
    50.566787519082126,
    47.127486671792717,
    45.705579528105758,
    45.044422518220834,
    48.093658625644196,
    45.705579528105758,
    47.127486671792717,
    48.332183894378289,
    46.324939287601879,
    45.453272709454048,
    43.863424398922618,
    44.407206622349037,
    44.294469180700204,
    46.238512086787566,
    47.296934361541872,
    49.365980188789933,
    49.0,
    50.358713248056688,
    53.600373133029585,
    29.154759474226502,
    26.419689627245813,
    25.80697580112788,
    26.1725046566048,
    26.248809496813376,
    28.301943396169811,
    30.870698080866262,
    35.735136770411273,
    39.6232255123179,
    44.045431091090478,
    46.043457732885351,
    48.836461788299118,
    49.33558553417604,
    45.188494110780013,
    42.720018726587654,
    45.453272709454048,
    45.276925690687087,
    42.201895692018383,
    49.244289008980523,
    50.328918128646478,
    48.507731342539614,
    54.3323108288245
  ],
  [
    53.0,
    52.3450093132096,
    51.419840528729765,
    51.623637996561229,
    53.712196007983138,
    55.21775076911409,
    58.728187440104094,
    55.443665102516448,
    50.774009099144415,
    46.518813398452032,
    45.221676218380054,
    44.721359549995796,
    44.045431091090478,
    43.046486500061768,
    43.737855457258078,
    45.221676218380054,
    44.283179650969061,
    43.56604182158393,
    42.638011210655684,
    43.863424398922618,
    44.407206622349037,
    45.650848842053307,
    48.466483264210538,
    49.477267507411923,
    51.35172830587107,
    55.0,
    58.420886675914119,
    25.709920264364882,
    24.698178070456937,
    25.059928172283335,
    24.413111231467404,
    26.1725046566048,
    28.42534080710379,
    31.906112267087632,
    35.341194094144583,
    40.80441152620633,
    45.705579528105758,
    48.093658625644196,
    49.091750834534309,
    48.836461788299118,
    42.059481689626182,
    44.283179650969061,
    46.324939287601879,
    43.278170016764804,
    45.276925690687087,
    50.219518117958877,
    49.244289008980523,
    46.238512086787566,
    55.542776307995261,
    55.443665102516448
  ],
  [
    49.0,
    50.358713248056688,
    50.447993022517757,
    52.55473337388365,
    54.589376255824725,
    58.008620049092706,
    58.728187440104094,
    50.447993022517757,
    46.324939287601879,
    44.283179650969061,
    43.011626335213137,
    41.593268686170845,
    41.048751503547585,
    41.048751503547585,
    41.593268686170845,
    42.059481689626182,
    42.953463189829058,
    42.720018726587654,
    42.638011210655684,
    45.276925690687087,
    46.61544808322666,
    49.244289008980523,
    51.623637996561229,
    52.630789467763066,
    56.435804238089851,
    28.0,
    26.1725046566048,
    25.709920264364882,
    25.632011235952593,
    26.419689627245813,
    27.202941017470888,
    30.4138126514911,
    34.058772731852805,
    39.11521443121589,
    42.953463189829058,
    47.127486671792717,
    48.836461788299118,
    48.093658625644196,
    46.043457732885351,
    43.737855457258078,
    45.221676218380054,
    44.283179650969061,
    41.340053217188775,
    48.270073544588683,
    49.51767361255979,
    45.803929962395145,
    51.478150704935004,
    53.488316481265329,
    52.630789467763066,
    51.35172830587107
  ],
  [
    51.0,
    50.358713248056688,
    51.419840528729765,
    54.78138369920935,
    56.824290580701486,
    60.21627686929839,
    54.488530903301111,
    48.270073544588683,
    44.944410108488462,
    42.953463189829058,
    42.059481689626182,
    39.6232255123179,
    39.05124837953327,
    39.05124837953327,
    39.6232255123179,
    42.059481689626182,
    42.047592083257278,
    42.720018726587654,
    44.045431091090478,
    45.276925690687087,
    49.4064773081425,
    51.478150704935004,
    51.623637996561229,
    55.542776307995261,
    28.160255680657446,
    26.0,
    25.179356624028344,
    24.738633753705962,
    24.698178070456937,
    26.419689627245813,
    28.600699292150182,
    31.144823004794873,
    36.235341863986875,
    41.340053217188775,
    45.188494110780013,
    48.383881613611777,
    48.836461788299118,
    46.043457732885351,
    41.048751503547585,
    43.737855457258078,
    45.221676218380054,
    42.047592083257278,
    46.324939287601879,
    49.040799340956916,
    48.104053883222775,
    44.407206622349037,
    53.712196007983138,
    53.488316481265329,
    51.419840528729765,
    50.358713248056688
  ],
  [
    51.0,
    51.35172830587107,
    51.419840528729765,
    54.78138369920935,
    55.946402922797461,
    59.405386961116584,
    54.488530903301111,
    48.270073544588683,
    44.944410108488462,
    41.6293165929973,
    40.80441152620633,
    39.6232255123179,
    39.05124837953327,
    39.05124837953327,
    39.6232255123179,
    40.80441152620633,
    41.6293165929973,
    41.340053217188775,
    42.638011210655684,
    45.276925690687087,
    47.201694884823787,
    50.119856344566671,
    51.623637996561229,
    54.571054598569013,
    59.413803110051795,
    26.0,
    24.186773244895647,
    24.738633753705962,
    24.698178070456937,
    25.059928172283335,
    25.80697580112788,
    30.4138126514911,
    34.058772731852805,
    39.962482405376171,
    45.188494110780013,
    48.383881613611777,
    47.675989764240867,
    46.043457732885351,
    41.048751503547585,
    43.737855457258078,
    45.221676218380054,
    42.047592083257278,
    44.944410108488462,
    48.270073544588683,
    48.104053883222775,
    44.407206622349037,
    53.712196007983138,
    53.488316481265329,
    52.630789467763066,
    51.35172830587107
  ],
  [
    51.0,
    51.35172830587107,
    52.630789467763066,
    54.78138369920935,
    55.946402922797461,
    59.405386961116584,
    54.488530903301111,
    48.270073544588683,
    43.56604182158393,
    41.6293165929973,
    40.80441152620633,
    39.6232255123179,
    39.05124837953327,
    39.05124837953327,
    39.6232255123179,
    40.80441152620633,
    41.6293165929973,
    41.340053217188775,
    42.638011210655684,
    45.276925690687087,
    47.201694884823787,
    49.244289008980523,
    51.623637996561229,
    54.571054598569013,
    58.420886675914119,
    26.0,
    24.186773244895647,
    24.738633753705962,
    24.698178070456937,
    25.059928172283335,
    25.80697580112788,
    31.144823004794873,
    34.058772731852805,
    41.340053217188775,
    45.188494110780013,
    48.383881613611777,
    47.675989764240867,
    46.043457732885351,
    41.048751503547585,
    43.737855457258078,
    45.221676218380054,
    42.047592083257278,
    46.324939287601879,
    49.040799340956916,
    48.104053883222775,
    47.201694884823787,
    53.712196007983138,
    53.488316481265329,
    52.630789467763066,
    51.35172830587107
  ],
  [
    51.0,
    50.358713248056688,
    51.419840528729765,
    54.78138369920935,
    55.946402922797461,
    59.405386961116584,
    54.488530903301111,
    48.270073544588683,
    44.10215414239989,
    41.6293165929973,
    40.80441152620633,
    39.6232255123179,
    39.05124837953327,
    39.05124837953327,
    39.6232255123179,
    40.80441152620633,
    41.6293165929973,
    41.340053217188775,
    42.638011210655684,
    45.276925690687087,
    47.201694884823787,
    50.119856344566671,
    51.623637996561229,
    54.571054598569013,
    58.420886675914119,
    27.0,
    25.179356624028344,
    24.738633753705962,
    24.698178070456937,
    25.059928172283335,
    27.202941017470888,
    31.144823004794873,
    36.235341863986875,
    41.340053217188775,
    46.518813398452032,
    48.383881613611777,
    47.675989764240867,
    45.044422518220834,
    41.048751503547585,
    43.737855457258078,
    45.221676218380054,
    41.6293165929973,
    46.324939287601879,
    48.270073544588683,
    46.690470119715009,
    47.201694884823787,
    53.712196007983138,
    53.488316481265329,
    51.419840528729765,
    51.35172830587107
  ],
  [
    53.0,
    53.338541412378348,
    54.571054598569013,
    57.0087712549569,
    59.0592922409336,
    63.007936008093459,
    55.172456896534889,
    49.040799340956916,
    47.169905660283021,
    44.283179650969061,
    42.059481689626182,
    40.607881008493905,
    40.049968789001575,
    40.049968789001575,
    40.607881008493905,
    42.059481689626182,
    40.718546143004666,
    41.340053217188775,
    42.638011210655684,
    43.863424398922618,
    45.803929962395145,
    47.885279575251516,
    49.396356140913873,
    52.630789467763066,
    57.428216061444921,
    25.0,
    23.194827009486403,
    22.561028345356956,
    22.472205054244231,
    23.706539182259394,
    24.413111231467404,
    30.4138126514911,
    34.058772731852805,
    39.11521443121589,
    44.283179650969061,
    47.127486671792717,
    47.675989764240867,
    45.044422518220834,
    40.049968789001575,
    43.737855457258078,
    43.965895873961216,
    42.047592083257278,
    44.944410108488462,
    49.040799340956916,
    48.104053883222775,
    45.803929962395145,
    54.589376255824725,
    55.713553108736477,
    53.600373133029585,
    52.3450093132096
  ],
  [
    52.0,
    53.338541412378348,
    54.571054598569013,
    57.0087712549569,
    59.0592922409336,
    59.405386961116584,
    50.931326312987373,
    45.453272709454048,
    42.720018726587654,
    40.718546143004666,
    39.849717690342551,
    38.639358172723313,
    38.052595180880893,
    38.052595180880893,
    38.639358172723313,
    39.849717690342551,
    40.718546143004666,
    39.962482405376171,
    42.638011210655684,
    43.863424398922618,
    46.61544808322666,
    49.244289008980523,
    50.328918128646478,
    54.571054598569013,
    60.406953242155822,
    24.0,
    23.194827009486403,
    22.561028345356956,
    22.472205054244231,
    22.825424421026653,
    23.600847442411894,
    27.586228448267445,
    37.643060449437421,
    42.720018726587654,
    46.518813398452032,
    48.383881613611777,
    46.690470119715009,
    40.049968789001575,
    43.046486500061768,
    43.737855457258078,
    42.059481689626182,
    42.953463189829058,
    47.169905660283021,
    48.270073544588683,
    45.276925690687087,
    52.201532544552748,
    54.589376255824725,
    53.488316481265329,
    52.630789467763066,
    52.3450093132096
  ],
  [
    52.0,
    54.3323108288245,
    56.753854494650845,
    57.9396237474839,
    61.294371682887821,
    57.201398584300364,
    50.931326312987373,
    45.453272709454048,
    43.56604182158393,
    41.6293165929973,
    39.849717690342551,
    38.639358172723313,
    39.05124837953327,
    39.05124837953327,
    40.607881008493905,
    42.059481689626182,
    42.953463189829058,
    43.56604182158393,
    45.453272709454048,
    48.104053883222775,
    50.219518117958877,
    51.478150704935004,
    55.713553108736477,
    60.876925020897694,
    25.179356624028344,
    23.0,
    23.194827009486403,
    23.53720459187964,
    23.409399821439251,
    23.706539182259394,
    29.410882339705484,
    35.383612025908263,
    43.278170016764804,
    13.038404810405298,
    49.658836071740545,
    48.383881613611777,
    42.7551166528639,
    44.045431091090478,
    44.045431091090478,
    42.7551166528639,
    46.173585522460783,
    49.658836071740545,
    48.548944375753422,
    44.045431091090478,
    53.075418038862395,
    54.405882034941776,
    52.354560450833695,
    52.55473337388365,
    51.419840528729765,
    51.35172830587107
  ],
  [
    51.0,
    53.338541412378348,
    55.542776307995261,
    57.0087712549569,
    60.415229867972862,
    59.405386961116584,
    50.931326312987373,
    46.227697325304881,
    43.56604182158393,
    41.6293165929973,
    39.849717690342551,
    38.639358172723313,
    39.05124837953327,
    39.05124837953327,
    40.607881008493905,
    42.059481689626182,
    42.047592083257278,
    42.720018726587654,
    44.045431091090478,
    46.690470119715009,
    49.4064773081425,
    50.119856344566671,
    53.488316481265329,
    57.723478758647246,
    25.179356624028344,
    24.0,
    23.194827009486403,
    23.53720459187964,
    24.698178070456937,
    25.059928172283335,
    29.410882339705484,
    35.383612025908263,
    43.278170016764804,
    48.548944375753422,
    49.658836071740545,
    47.127486671792717,
    41.593268686170845,
    43.046486500061768,
    43.046486500061768,
    41.593268686170845,
    45.221676218380054,
    48.332183894378289,
    47.169905660283021,
    44.045431091090478,
    52.3450093132096,
    53.009433122794285,
    51.478150704935004,
    50.328918128646478,
    50.447993022517757,
    50.358713248056688
  ],
  [
    51.0,
    53.338541412378348,
    55.542776307995261,
    57.9396237474839,
    60.415229867972862,
    59.405386961116584,
    50.931326312987373,
    46.227697325304881,
    43.56604182158393,
    41.6293165929973,
    39.849717690342551,
    38.639358172723313,
    39.05124837953327,
    39.05124837953327,
    40.607881008493905,
    42.059481689626182,
    41.6293165929973,
    42.720018726587654,
    44.045431091090478,
    46.690470119715009,
    48.010415536631214,
    49.244289008980523,
    51.623637996561229,
    56.753854494650845,
    25.179356624028344,
    24.0,
    24.186773244895647,
    23.53720459187964,
    24.698178070456937,
    25.059928172283335,
    29.410882339705484,
    35.383612025908263,
    45.453272709454048,
    48.548944375753422,
    49.658836071740545,
    48.383881613611777,
    41.593268686170845,
    44.045431091090478,
    44.045431091090478,
    42.7551166528639,
    46.173585522460783,
    48.332183894378289,
    47.169905660283021,
    44.045431091090478,
    52.3450093132096,
    53.009433122794285,
    51.478150704935004,
    51.623637996561229,
    50.447993022517757,
    50.358713248056688
  ],
  [
    55.0,
    54.3323108288245,
    56.753854494650845,
    59.236812878479547,
    61.294371682887821,
    57.201398584300364,
    49.51767361255979,
    45.453272709454048,
    43.56604182158393,
    41.6293165929973,
    39.849717690342551,
    39.6232255123179,
    39.05124837953327,
    40.049968789001575,
    41.593268686170845,
    43.011626335213137,
    42.953463189829058,
    44.10215414239989,
    45.453272709454048,
    48.104053883222775,
    50.219518117958877,
    51.478150704935004,
    55.713553108736477,
    60.876925020897694,
    25.179356624028344,
    24.0,
    24.186773244895647,
    24.738633753705962,
    24.698178070456937,
    26.419689627245813,
    33.015148038438355,
    5.6568542494923806,
    46.861498055439924,
    50.774009099144415,
    49.658836071740545,
    46.173585522460783,
    42.7551166528639,
    44.045431091090478,
    43.046486500061768,
    40.607881008493905,
    47.127486671792717,
    48.332183894378289,
    46.324939287601879,
    49.040799340956916,
    52.3450093132096,
    53.009433122794285,
    51.478150704935004,
    50.328918128646478,
    51.419840528729765,
    51.35172830587107
  ],
  [
    53.0,
    54.3323108288245,
    56.753854494650845,
    59.236812878479547,
    61.294371682887821,
    56.612719418872643,
    49.51767361255979,
    44.045431091090478,
    42.720018726587654,
    40.718546143004666,
    38.897300677553446,
    38.639358172723313,
    39.05124837953327,
    39.05124837953327,
    40.607881008493905,
    43.011626335213137,
    42.953463189829058,
    44.10215414239989,
    46.227697325304881,
    48.104053883222775,
    50.219518117958877,
    51.478150704935004,
    55.713553108736477,
    26.683328128252668,
    22.090722034374522,
    22.0,
    22.090722034374522,
    22.561028345356956,
    22.472205054244231,
    27.294688127912362,
    5.0,
    4.2426406871192848,
    4.2426406871192848,
    48.548944375753422,
    47.4236228055175,
    43.011626335213137,
    42.7551166528639,
    43.046486500061768,
    42.047592083257278,
    41.593268686170845,
    46.173585522460783,
    46.518813398452032,
    44.944410108488462,
    49.040799340956916,
    52.3450093132096,
    52.201532544552748,
    52.354560450833695,
    51.623637996561229,
    52.630789467763066,
    51.35172830587107
  ],
  [
    52.0,
    50.358713248056688,
    51.419840528729765,
    53.488316481265329,
    55.470712993434653,
    57.201398584300364,
    50.931326312987373,
    45.453272709454048,
    41.340053217188775,
    39.812058474788763,
    39.849717690342551,
    38.639358172723313,
    39.05124837953327,
    39.05124837953327,
    40.607881008493905,
    43.011626335213137,
    45.188494110780013,
    46.324939287601879,
    46.227697325304881,
    48.104053883222775,
    51.61395160225576,
    52.354560450833695,
    54.78138369920935,
    57.723478758647246,
    25.179356624028344,
    22.0,
    21.095023109728988,
    11.180339887498949,
    8.54400374531753,
    6.7082039324993694,
    38.013155617496423,
    42.449970553582247,
    46.861498055439924,
    49.396356140913873,
    47.4236228055175,
    43.965895873961216,
    43.737855457258078,
    41.048751503547585,
    41.048751503547585,
    44.721359549995796,
    45.221676218380054,
    44.283179650969061,
    44.944410108488462,
    48.270073544588683,
    49.51767361255979,
    49.4064773081425,
    50.119856344566671,
    50.328918128646478,
    50.447993022517757,
    49.365980188789933
  ],
  [
    52.0,
    52.3450093132096,
    54.571054598569013,
    57.9396237474839,
    61.294371682887821,
    61.611687202997452,
    54.488530903301111,
    49.040799340956916,
    46.324939287601879,
    45.188494110780013,
    43.011626335213137,
    41.593268686170845,
    42.047592083257278,
    43.046486500061768,
    43.737855457258078,
    43.011626335213137,
    42.953463189829058,
    43.56604182158393,
    45.453272709454048,
    48.104053883222775,
    49.4064773081425,
    49.244289008980523,
    51.623637996561229,
    56.753854494650845,
    27.166155414412248,
    27.0,
    27.166155414412248,
    26.683328128252668,
    27.856776554368238,
    29.5296461204668,
    33.015148038438355,
    38.2099463490856,
    43.278170016764804,
    47.169905660283021,
    49.658836071740545,
    49.33558553417604,
    46.690470119715009,
    42.047592083257278,
    44.045431091090478,
    45.705579528105758,
    43.965895873961216,
    48.332183894378289,
    52.153619241621193,
    50.447993022517757,
    52.3450093132096,
    56.612719418872643,
    54.589376255824725,
    51.623637996561229,
    49.477267507411923,
    49.365980188789933
  ],
  [
    54.0,
    53.338541412378348,
    55.542776307995261,
    57.9396237474839,
    61.294371682887821,
    61.611687202997452,
    54.488530903301111,
    49.040799340956916,
    46.324939287601879,
    45.188494110780013,
    43.011626335213137,
    41.593268686170845,
    42.047592083257278,
    43.046486500061768,
    43.737855457258078,
    43.965895873961216,
    44.283179650969061,
    44.944410108488462,
    46.227697325304881,
    48.104053883222775,
    49.4064773081425,
    50.119856344566671,
    52.55473337388365,
    56.753854494650845,
    27.166155414412248,
    27.0,
    27.166155414412248,
    26.683328128252668,
    27.856776554368238,
    24.186773244895647,
    25.80697580112788,
    39.6232255123179,
    45.453272709454048,
    48.548944375753422,
    50.566787519082126,
    49.33558553417604,
    45.705579528105758,
    43.046486500061768,
    45.044422518220834,
    44.721359549995796,
    43.011626335213137,
    48.332183894378289,
    50.774009099144415,
    48.270073544588683,
    52.3450093132096,
    55.21775076911409,
    53.712196007983138,
    51.623637996561229,
    50.447993022517757,
    50.358713248056688
  ],
  [
    52.0,
    53.338541412378348,
    56.753854494650845,
    59.236812878479547,
    62.649820430708338,
    64.404968752418469,
    56.586217403180434,
    51.855568649856693,
    48.548944375753422,
    47.4236228055175,
    45.221676218380054,
    43.737855457258078,
    44.045431091090478,
    44.045431091090478,
    44.721359549995796,
    43.965895873961216,
    42.953463189829058,
    43.56604182158393,
    45.453272709454048,
    46.690470119715009,
    48.010415536631214,
    49.244289008980523,
    50.328918128646478,
    53.600373133029585,
    57.428216061444921,
    26.0,
    27.166155414412248,
    27.658633371878661,
    27.856776554368238,
    29.5296461204668,
    34.409301068170507,
    38.2099463490856,
    45.453272709454048,
    49.396356140913873,
    51.894122981316485,
    51.546095875439491,
    48.836461788299118,
    43.046486500061768,
    45.044422518220834,
    45.705579528105758,
    43.965895873961216,
    47.4236228055175,
    50.774009099144415,
    50.447993022517757,
    50.931326312987373,
    56.612719418872643,
    55.470712993434653,
    52.55473337388365,
    50.447993022517757,
    51.35172830587107
  ],
  [
    52.0,
    52.3450093132096,
    54.571054598569013,
    57.0087712549569,
    60.415229867972862,
    64.404968752418469,
    65.79513659838392,
    58.258046654518033,
    54.378304497290095,
    54.12947441089743,
    51.546095875439491,
    47.675989764240867,
    47.095647357266465,
    46.043457732885351,
    46.690470119715009,
    45.221676218380054,
    44.283179650969061,
    43.56604182158393,
    45.453272709454048,
    45.276925690687087,
    46.61544808322666,
    49.244289008980523,
    49.396356140913873,
    51.419840528729765,
    55.443665102516448,
    58.0,
    27.166155414412248,
    27.658633371878661,
    29.154759474226502,
    30.4138126514911,
    30.805843601498726,
    27.586228448267445,
    42.638011210655684,
    48.548944375753422,
    52.801515129776341,
    54.405882034941776,
    52.773099207835045,
    44.045431091090478,
    46.043457732885351,
    47.675989764240867,
    48.383881613611777,
    45.188494110780013,
    52.153619241621193,
    53.2634959423431,
    50.24937810560445,
    57.201398584300364,
    58.180752831155424,
    55.713553108736477,
    53.600373133029585,
    52.3450093132096
  ],
  [
    53.0,
    53.338541412378348,
    55.542776307995261,
    57.9396237474839,
    60.415229867972862,
    64.404968752418469,
    65.79513659838392,
    56.850681614207581,
    53.0,
    50.566787519082126,
    49.33558553417604,
    46.690470119715009,
    46.043457732885351,
    46.043457732885351,
    46.690470119715009,
    47.127486671792717,
    46.518813398452032,
    46.324939287601879,
    46.227697325304881,
    48.104053883222775,
    49.4064773081425,
    52.354560450833695,
    53.488316481265329,
    55.542776307995261,
    59.413803110051795,
    64.0,
    30.14962686336267,
    29.832867780352597,
    29.154759474226502,
    21.470910553583888,
    20.808652046684813,
    28.319604517012593,
    36.235341863986875,
    8.06225774829855,
    5.3851648071345037,
    4.1231056256176606,
    3.0,
    3.0,
    3.0,
    3.0,
    3.1622776601683795,
    3.1622776601683795,
    3.6055512754639891,
    3.6055512754639891,
    2.8284271247461903,
    3.6055512754639891,
    4.47213595499958,
    4.1231056256176606,
    4.1231056256176606,
    7.0710678118654755
  ],
  [
    17.0,
    56.435804238089851,
    57.723478758647246,
    60.166435825965294,
    62.649820430708338,
    66.610809933523555,
    67.208630398186216,
    59.665735560705194,
    54.378304497290095,
    51.894122981316485,
    50.289163842720633,
    49.8196748283246,
    48.093658625644196,
    48.093658625644196,
    48.836461788299118,
    50.289163842720633,
    49.658836071740545,
    49.396356140913873,
    50.447993022517757,
    50.931326312987373,
    54.405882034941776,
    58.180752831155424,
    59.236812878479547,
    61.846584384264908,
    65.490457320131767,
    34.0,
    32.2490309931942,
    30.805843601498726,
    2.23606797749979,
    2.23606797749979,
    1.4142135623730951,
    1.4142135623730951,
    1.4142135623730951,
    1.4142135623730951,
    1.0,
    1.0,
    1.0,
    1.0,
    1.0,
    1.0,
    1.0,
    1.0,
    1.4142135623730951,
    1.4142135623730951,
    1.4142135623730951,
    1.4142135623730951,
    2.23606797749979,
    2.23606797749979,
    4.1231056256176606,
    15.132745950421556
  ],
  [
    11.0,
    13.038404810405298,
    59.665735560705194,
    62.393909959225986,
    63.529520697074361,
    67.424031324150292,
    68.622153857191051,
    60.440052945046304,
    55.758407437802596,
    52.801515129776341,
    51.546095875439491,
    50.803543183522152,
    50.089919145472777,
    50.089919145472777,
    50.803543183522152,
    52.497618993626752,
    51.894122981316485,
    50.774009099144415,
    50.447993022517757,
    52.3450093132096,
    54.405882034941776,
    58.180752831155424,
    60.166435825965294,
    62.81719509815764,
    67.475921631349351,
    73.0,
    34.23448553724738,
    4.1231056256176606,
    2.23606797749979,
    2.23606797749979,
    1.4142135623730951,
    1.4142135623730951,
    1.4142135623730951,
    1.4142135623730951,
    1.0,
    1.0,
    1.0,
    1.0,
    1.0,
    1.0,
    1.0,
    1.0,
    1.4142135623730951,
    1.4142135623730951,
    1.4142135623730951,
    1.4142135623730951,
    2.23606797749979,
    2.23606797749979,
    4.1231056256176606,
    11.045361017187261
  ],
  [
    13.0,
    56.435804238089851,
    58.694122363316758,
    60.166435825965294,
    62.649820430708338,
    65.215028942721474,
    67.208630398186216,
    59.665735560705194,
    54.378304497290095,
    51.894122981316485,
    50.289163842720633,
    49.8196748283246,
    49.091750834534309,
    49.091750834534309,
    49.8196748283246,
    50.289163842720633,
    49.658836071740545,
    48.548944375753422,
    48.270073544588683,
    49.51767361255979,
    51.61395160225576,
    55.470712993434653,
    57.9396237474839,
    60.876925020897694,
    63.505905237229712,
    69.0,
    33.241540277189323,
    32.015621187164243,
    27.856776554368238,
    21.470910553583888,
    3.6055512754639891,
    2.8284271247461903,
    2.23606797749979,
    2.23606797749979,
    2.23606797749979,
    2.0,
    2.0,
    2.0,
    2.0,
    2.0,
    2.0,
    2.23606797749979,
    2.23606797749979,
    2.23606797749979,
    2.8284271247461903,
    3.6055512754639891,
    4.47213595499958,
    5.3851648071345037,
    12.369316876852981,
    12.041594578792296
  ],
  [
    52.0,
    53.338541412378348,
    55.542776307995261,
    57.0087712549569,
    60.415229867972862,
    63.007936008093459,
    68.622153857191051,
    60.440052945046304,
    55.758407437802596,
    51.894122981316485,
    50.289163842720633,
    49.8196748283246,
    48.093658625644196,
    48.093658625644196,
    47.675989764240867,
    47.127486671792717,
    46.518813398452032,
    46.324939287601879,
    45.453272709454048,
    46.690470119715009,
    49.4064773081425,
    51.478150704935004,
    55.713553108736477,
    56.753854494650845,
    59.413803110051795,
    64.0,
    33.241540277189323,
    32.015621187164243,
    29.154759474226502,
    24.186773244895647,
    20.0,
    17.691806012954132,
    9.2195444572928871,
    7.2111025509279782,
    5.3851648071345037,
    5.0990195135927845,
    5.0990195135927845,
    5.0,
    5.0,
    5.0990195135927845,
    5.0990195135927845,
    5.3851648071345037,
    5.8309518948453007,
    6.4031242374328485,
    10.63014581273465,
    11.401754250991379,
    12.529964086141668,
    12.649110640673518,
    13.341664064126334,
    53.338541412378348
  ],
  [
    53.0,
    53.338541412378348,
    55.542776307995261,
    57.9396237474839,
    60.415229867972862,
    64.404968752418469,
    68.622153857191051,
    62.481997407253232,
    56.603886792339623,
    54.12947441089743,
    51.546095875439491,
    50.803543183522152,
    50.089919145472777,
    49.091750834534309,
    48.836461788299118,
    47.127486671792717,
    46.518813398452032,
    46.324939287601879,
    46.227697325304881,
    48.104053883222775,
    49.4064773081425,
    52.354560450833695,
    57.0087712549569,
    57.723478758647246,
    60.406953242155822,
    65.0,
    33.241540277189323,
    32.015621187164243,
    29.154759474226502,
    26.419689627245813,
    24.413111231467404,
    18.384776310850235,
    11.401754250991379,
    8.06225774829855,
    6.324555320336759,
    6.324555320336759,
    6.0827625302982193,
    6.0,
    6.0,
    5.0990195135927845,
    5.0990195135927845,
    6.324555320336759,
    7.2111025509279782,
    51.855568649856693,
    14.142135623730951,
    13.601470508735444,
    13.416407864998739,
    13.928388277184119,
    29.832867780352597,
    53.338541412378348
  ],
  [
    53.0,
    52.3450093132096,
    54.571054598569013,
    57.9396237474839,
    60.415229867972862,
    64.404968752418469,
    68.622153857191051,
    62.481997407253232,
    55.758407437802596,
    52.801515129776341,
    51.546095875439491,
    50.803543183522152,
    50.089919145472777,
    49.091750834534309,
    49.8196748283246,
    45.221676218380054,
    44.283179650969061,
    44.10215414239989,
    45.453272709454048,
    46.690470119715009,
    49.4064773081425,
    51.478150704935004,
    55.713553108736477,
    58.694122363316758,
    60.406953242155822,
    65.0,
    32.2490309931942,
    32.015621187164243,
    25.632011235952593,
    28.178005607210743,
    30.805843601498726,
    33.97057550292606,
    11.401754250991379,
    8.06225774829855,
    9.8488578017961039,
    12.649110640673518,
    50.803543183522152,
    50.089919145472777,
    51.088159097779204,
    49.8196748283246,
    45.221676218380054,
    51.894122981316485,
    54.378304497290095,
    51.855568649856693,
    14.866068747318506,
    14.422205101855956,
    56.824290580701486,
    54.78138369920935,
    53.600373133029585,
    52.3450093132096
  ],
  [
    50.0,
    51.35172830587107,
    52.630789467763066,
    54.78138369920935,
    58.180752831155424,
    61.611687202997452,
    65.79513659838392,
    59.665735560705194,
    53.0,
    50.566787519082126,
    49.33558553417604,
    48.836461788299118,
    47.095647357266465,
    47.095647357266465,
    46.690470119715009,
    43.011626335213137,
    40.718546143004666,
    39.962482405376171,
    40.459856648287818,
    42.449970553582247,
    44.407206622349037,
    46.529560496527367,
    50.328918128646478,
    53.600373133029585,
    55.443665102516448,
    59.0,
    63.505905237229712,
    30.805843601498726,
    30.083217912982647,
    26.419689627245813,
    28.600699292150182,
    30.4138126514911,
    36.235341863986875,
    49.396356140913873,
    9.8488578017961039,
    10.440306508910551,
    51.788029504896208,
    46.043457732885351,
    48.093658625644196,
    48.836461788299118,
    45.221676218380054,
    47.4236228055175,
    50.774009099144415,
    50.447993022517757,
    46.690470119715009,
    15.811388300841896,
    54.589376255824725,
    53.488316481265329,
    51.419840528729765,
    50.358713248056688
  ],
  [
    49.0,
    49.365980188789933,
    50.447993022517757,
    53.488316481265329,
    56.824290580701486,
    60.21627686929839,
    64.381674411279491,
    58.258046654518033,
    53.0,
    49.658836071740545,
    48.383881613611777,
    47.675989764240867,
    46.043457732885351,
    46.043457732885351,
    45.705579528105758,
    43.011626335213137,
    39.812058474788763,
    39.11521443121589,
    40.459856648287818,
    40.311288741492746,
    42.201895692018383,
    45.650848842053307,
    48.466483264210538,
    52.630789467763066,
    53.338541412378348,
    57.0,
    60.406953242155822,
    29.832867780352597,
    29.154759474226502,
    29.5296461204668,
    28.600699292150182,
    30.4138126514911,
    42.638011210655684,
    47.169905660283021,
    12.083045973594572,
    16.763054614240211,
    49.8196748283246,
    43.046486500061768,
    46.043457732885351,
    46.690470119715009,
    45.221676218380054,
    44.283179650969061,
    48.548944375753422,
    48.270073544588683,
    46.690470119715009,
    49.4064773081425,
    53.712196007983138,
    52.55473337388365,
    50.447993022517757,
    49.365980188789933
  ],
  [
    49.0,
    50.358713248056688,
    51.419840528729765,
    54.78138369920935,
    56.824290580701486,
    60.21627686929839,
    65.79513659838392,
    59.665735560705194,
    53.0,
    50.566787519082126,
    48.383881613611777,
    47.675989764240867,
    47.095647357266465,
    46.043457732885351,
    45.705579528105758,
    45.221676218380054,
    39.812058474788763,
    39.11521443121589,
    40.459856648287818,
    40.311288741492746,
    42.201895692018383,
    45.650848842053307,
    48.466483264210538,
    51.419840528729765,
    52.3450093132096,
    55.0,
    59.413803110051795,
    28.861739379323623,
    29.154759474226502,
    30.4138126514911,
    33.015148038438355,
    29.0,
    40.459856648287818,
    46.324939287601879,
    49.658836071740545,
    50.289163842720633,
    48.836461788299118,
    42.047592083257278,
    45.044422518220834,
    45.705579528105758,
    45.221676218380054,
    40.718546143004666,
    47.169905660283021,
    49.040799340956916,
    46.690470119715009,
    47.201694884823787,
    53.712196007983138,
    53.488316481265329,
    51.419840528729765,
    50.358713248056688
  ],
  [
    50.0,
    51.35172830587107,
    51.419840528729765,
    53.488316481265329,
    56.824290580701486,
    59.405386961116584,
    64.381674411279491,
    58.258046654518033,
    52.153619241621193,
    48.332183894378289,
    47.127486671792717,
    46.690470119715009,
    45.044422518220834,
    45.044422518220834,
    44.721359549995796,
    45.221676218380054,
    39.812058474788763,
    39.11521443121589,
    38.418745424597091,
    40.311288741492746,
    42.201895692018383,
    44.294469180700204,
    48.466483264210538,
    51.419840528729765,
    52.3450093132096,
    56.0,
    60.406953242155822,
    28.861739379323623,
    29.154759474226502,
    29.5296461204668,
    30.805843601498726,
    33.97057550292606,
    37.643060449437421,
    43.56604182158393,
    47.4236228055175,
    50.289163842720633,
    49.8196748283246,
    46.043457732885351,
    44.045431091090478,
    46.690470119715009,
    46.173585522460783,
    42.047592083257278,
    46.324939287601879,
    49.040799340956916,
    48.104053883222775,
    44.407206622349037,
    53.712196007983138,
    53.488316481265329,
    51.419840528729765,
    50.358713248056688
  ],
  [
    49.0,
    49.365980188789933,
    49.477267507411923,
    51.623637996561229,
    54.589376255824725,
    56.612719418872643,
    60.141499815019579,
    55.443665102516448,
    50.774009099144415,
    47.4236228055175,
    45.221676218380054,
    43.737855457258078,
    44.045431091090478,
    43.046486500061768,
    43.737855457258078,
    43.965895873961216,
    42.047592083257278,
    39.11521443121589,
    38.418745424597091,
    39.6232255123179,
    40.80441152620633,
    43.416586692184822,
    47.169905660283021,
    51.419840528729765,
    52.3450093132096,
    55.0,
    59.413803110051795,
    28.861739379323623,
    27.856776554368238,
    28.178005607210743,
    30.805843601498726,
    33.97057550292606,
    38.418745424597091,
    42.720018726587654,
    46.518813398452032,
    17.720045146669349,
    47.675989764240867,
    43.046486500061768,
    45.044422518220834,
    45.705579528105758,
    45.221676218380054,
    39.812058474788763,
    44.944410108488462,
    46.861498055439924,
    45.276925690687087,
    45.803929962395145,
    51.478150704935004,
    51.623637996561229,
    49.477267507411923,
    49.365980188789933
  ],
  [
    47.0,
    47.381430961928537,
    48.507731342539614,
    48.466483264210538,
    51.478150704935004,
    54.405882034941776,
    57.3149195236284,
    54.671747731346578,
    49.396356140913873,
    45.188494110780013,
    43.965895873961216,
    42.7551166528639,
    42.047592083257278,
    42.047592083257278,
    41.593268686170845,
    43.011626335213137,
    42.953463189829058,
    39.11521443121589,
    36.235341863986875,
    37.483329627982627,
    39.408120990476064,
    41.182520563948,
    44.011362169330773,
    48.507731342539614,
    51.35172830587107,
    53.0,
    57.428216061444921,
    32.015621187164243,
    27.856776554368238,
    27.294688127912362,
    30.805843601498726,
    33.241540277189323,
    37.643060449437421,
    41.340053217188775,
    44.283179650969061,
    46.173585522460783,
    45.705579528105758,
    42.047592083257278,
    43.046486500061768,
    43.737855457258078,
    43.965895873961216,
    39.812058474788763,
    42.720018726587654,
    45.453272709454048,
    43.863424398922618,
    40.80441152620633,
    47.885279575251516,
    49.396356140913873,
    48.507731342539614,
    47.381430961928537
  ],
  [
    49.0,
    49.365980188789933,
    49.477267507411923,
    50.328918128646478,
    53.712196007983138,
    56.612719418872643,
    60.141499815019579,
    56.850681614207581,
    50.774009099144415,
    47.4236228055175,
    45.221676218380054,
    43.737855457258078,
    44.045431091090478,
    44.045431091090478,
    43.737855457258078,
    45.221676218380054,
    46.518813398452032,
    44.10215414239989,
    38.418745424597091,
    38.2099463490856,
    40.80441152620633,
    43.416586692184822,
    46.238512086787566,
    50.447993022517757,
    54.3323108288245,
    56.0,
    59.413803110051795,
    62.81719509815764,
    29.154759474226502,
    29.5296461204668,
    32.202484376209235,
    33.97057550292606,
    37.643060449437421,
    41.340053217188775,
    45.188494110780013,
    47.127486671792717,
    46.690470119715009,
    44.045431091090478,
    43.046486500061768,
    44.721359549995796,
    45.221676218380054,
    42.047592083257278,
    43.56604182158393,
    46.227697325304881,
    46.690470119715009,
    43.011626335213137,
    49.244289008980523,
    51.623637996561229,
    51.419840528729765,
    50.358713248056688
  ],
  [
    51.0,
    50.358713248056688,
    52.630789467763066,
    52.55473337388365,
    55.470712993434653,
    57.201398584300364,
    60.141499815019579,
    54.671747731346578,
    48.548944375753422,
    45.188494110780013,
    43.011626335213137,
    41.593268686170845,
    41.048751503547585,
    42.047592083257278,
    41.593268686170845,
    43.011626335213137,
    44.283179650969061,
    41.340053217188775,
    40.459856648287818,
    39.6232255123179,
    40.80441152620633,
    44.294469180700204,
    48.466483264210538,
    54.571054598569013,
    57.428216061444921,
    60.0,
    65.490457320131767,
    33.955853692699293,
    29.154759474226502,
    27.294688127912362,
    29.410882339705484,
    32.557641192199412,
    39.05124837953327,
    43.56604182158393,
    16.552945357246848,
    48.383881613611777,
    46.690470119715009,
    42.047592083257278,
    45.044422518220834,
    45.705579528105758,
    45.221676218380054,
    39.812058474788763,
    46.324939287601879,
    48.270073544588683,
    46.690470119715009,
    43.011626335213137,
    52.354560450833695,
    53.488316481265329,
    52.630789467763066,
    51.35172830587107
  ],
  [
    50.0,
    49.365980188789933,
    51.419840528729765,
    51.623637996561229,
    54.589376255824725,
    56.612719418872643,
    60.141499815019579,
    54.671747731346578,
    48.548944375753422,
    44.283179650969061,
    42.059481689626182,
    41.593268686170845,
    41.048751503547585,
    41.048751503547585,
    41.593268686170845,
    42.059481689626182,
    42.953463189829058,
    39.962482405376171,
    38.418745424597091,
    39.6232255123179,
    40.80441152620633,
    44.294469180700204,
    48.466483264210538,
    54.571054598569013,
    57.428216061444921,
    62.0,
    67.475921631349351,
    32.015621187164243,
    29.154759474226502,
    27.294688127912362,
    29.410882339705484,
    31.144823004794873,
    39.05124837953327,
    41.340053217188775,
    15.231546211727817,
    19.924858845171276,
    46.690470119715009,
    41.048751503547585,
    45.044422518220834,
    45.705579528105758,
    45.221676218380054,
    39.812058474788763,
    44.944410108488462,
    48.270073544588683,
    46.690470119715009,
    43.011626335213137,
    51.478150704935004,
    52.55473337388365,
    51.419840528729765,
    50.358713248056688
  ],
  [
    52.0,
    51.35172830587107,
    53.600373133029585,
    53.488316481265329,
    55.470712993434653,
    58.008620049092706,
    60.141499815019579,
    54.671747731346578,
    49.396356140913873,
    45.188494110780013,
    43.011626335213137,
    41.593268686170845,
    42.047592083257278,
    42.047592083257278,
    42.7551166528639,
    43.011626335213137,
    44.283179650969061,
    41.340053217188775,
    39.05124837953327,
    39.6232255123179,
    42.201895692018383,
    45.650848842053307,
    49.396356140913873,
    56.753854494650845,
    58.420886675914119,
    63.0,
    68.46897107449476,
    32.015621187164243,
    29.154759474226502,
    27.294688127912362,
    29.410882339705484,
    31.144823004794873,
    36.235341863986875,
    44.10215414239989,
    14.317821063276353,
    19.924858845171276,
    48.836461788299118,
    43.046486500061768,
    46.043457732885351,
    47.675989764240867,
    46.173585522460783,
    42.047592083257278,
    46.324939287601879,
    49.040799340956916,
    48.104053883222775,
    44.407206622349037,
    53.712196007983138,
    54.78138369920935,
    52.630789467763066,
    52.3450093132096
  ]
]