[
  [
    34.0,
    34.23448553724738,
    34.928498393145958,
    37.336309405188942,
    39.824615503479755,
    43.011626335213137,
    46.690470119715009,
    51.855568649856693,
    57.140178508646613,
    62.649820430708338,
    59.774576535513823,
    55.901699437494742,
    54.083269131959838,
    52.086466572421671,
    50.803543183522152,
    51.546095875439491,
    50.566787519082126,
    46.324939287601879,
    42.638011210655684,
    38.2099463490856,
    35.805027579936315,
    33.120990323358392,
    32.310988842807021,
    32.015621187164243,
    31.256999216175569,
    32.0,
    33.241540277189323,
    34.928498393145958,
    37.336309405188942,
    42.059481689626182,
    49.4064773081425,
    57.3149195236284,
    70.292247083159893,
    29.681644159311659,
    35.341194094144583,
    37.643060449437421,
    37.656340767525464,
    37.054014627297811,
    34.058772731852805,
    33.541019662496844,
    34.481879299133332,
    30.870698080866262,
    27.459060435491963,
    25.612496949731394,
    24.758836806279895,
    48.010415536631214,
    42.059481689626182,
    38.626415831655933,
    36.138621999185304,
    35.227829907617071
  ],
  [
    34.0,
    34.23448553724738,
    34.928498393145958,
    36.400549446402593,
    38.470768123342687,
    42.201895692018383,
    46.690470119715009,
    51.855568649856693,
    57.140178508646613,
    62.649820430708338,
    59.774576535513823,
    55.901699437494742,
    54.083269131959838,
    52.086466572421671,
    51.788029504896208,
    51.546095875439491,
    50.566787519082126,
    47.169905660283021,
    42.638011210655684,
    38.2099463490856,
    35.805027579936315,
    33.120990323358392,
    32.310988842807021,
    32.015621187164243,
    31.256999216175569,
    32.0,
    33.241540277189323,
    34.928498393145958,
    37.336309405188942,
    43.416586692184822,
    49.4064773081425,
    58.728187440104094,
    28.42534080710379,
    29.681644159311659,
    34.0147027033899,
    36.687872655688281,
    37.656340767525464,
    37.054014627297811,
    34.058772731852805,
    33.541019662496844,
    33.526109228480422,
    30.870698080866262,
    26.076809620810597,
    25.612496949731394,
    24.758836806279895,
    50.219518117958877,
    43.416586692184822,
    39.560080889704963,
    37.107950630558946,
    35.227829907617071
  ],
  [
    36.0,
    35.227829907617071,
    34.928498393145958,
    35.4682957019364,
    37.589892258425,
    39.408120990476064,
    42.449970553582247,
    46.861498055439924,
    52.153619241621193,
    58.600341295934449,
    60.728905802755904,
    59.033888572581766,
    57.078892771321343,
    55.081757415681643,
    53.9351462406472,
    53.450912059571067,
    54.12947441089743,
    54.378304497290095,
    48.270073544588683,
    42.449970553582247,
    39.408120990476064,
    36.235341863986875,
    35.4682957019364,
    34.928498393145958,
    33.241540277189323,
    33.0,
    33.241540277189323,
    34.928498393145958,
    37.336309405188942,
    41.182520563948,
    46.61544808322666,
    54.488530903301111,
    64.660652641308843,
    29.681644159311659,
    33.1058907144937,
    36.687872655688281,
    37.656340767525464,
    37.054014627297811,
    36.055512754639892,
    32.557641192199412,
    32.572994949804659,
    32.202484376209235,
    29.681644159311659,
    25.612496949731394,
    26.1725046566048,
    24.413111231467404,
    59.0592922409336,
    49.396356140913873,
    42.201895692018383,
    38.2099463490856
  ],
  [
    40.0,
    38.2099463490856,
    36.138621999185304,
    36.400549446402593,
    37.589892258425,
    39.408120990476064,
    42.449970553582247,
    45.453272709454048,
    50.774009099144415,
    55.036351623268054,
    60.728905802755904,
    60.016664352494629,
    58.077534382926416,
    56.080299571239813,
    54.918120870983927,
    55.659680200302986,
    56.36488268416781,
    56.603886792339623,
    50.447993022517757,
    45.276925690687087,
    40.80441152620633,
    39.824615503479755,
    37.336309405188942,
    34.928498393145958,
    33.241540277189323,
    32.0,
    31.256999216175569,
    32.984845004941285,
    34.176014981270121,
    36.235341863986875,
    40.80441152620633,
    46.690470119715009,
    54.671747731346578,
    65.192024052026483,
    28.635642126552707,
    32.572994949804659,
    35.510561809129406,
    37.054014627297811,
    37.054014627297811,
    36.496575181789318,
    32.572994949804659,
    32.202484376209235,
    33.286633954186478,
    31.240998703626616,
    27.586228448267445,
    25.80697580112788,
    25.059928172283335,
    24.698178070456937,
    50.447993022517757,
    43.289721643826724
  ],
  [
    36.0,
    35.227829907617071,
    34.928498393145958,
    35.4682957019364,
    37.589892258425,
    40.80441152620633,
    43.863424398922618,
    48.270073544588683,
    54.378304497290095,
    62.649820430708338,
    60.728905802755904,
    59.033888572581766,
    56.080299571239813,
    55.081757415681643,
    53.9351462406472,
    54.405882034941776,
    54.12947441089743,
    52.153619241621193,
    46.861498055439924,
    41.036569057366385,
    38.013155617496423,
    35.355339059327378,
    35.4682957019364,
    33.955853692699293,
    33.241540277189323,
    33.0,
    34.23448553724738,
    36.138621999185304,
    38.626415831655933,
    42.059481689626182,
    48.010415536631214,
    56.586217403180434,
    65.299310869258036,
    31.906112267087632,
    35.341194094144583,
    36.687872655688281,
    36.496575181789318,
    36.055512754639892,
    35.057096285916209,
    31.400636936215164,
    32.572994949804659,
    32.202484376209235,
    29.681644159311659,
    25.612496949731394,
    26.1725046566048,
    24.413111231467404,
    55.470712993434653,
    47.169905660283021,
    41.231056256176608,
    38.2099463490856
  ],
  [
    35.0,
    34.23448553724738,
    34.928498393145958,
    36.400549446402593,
    38.470768123342687,
    42.201895692018383,
    45.276925690687087,
    50.447993022517757,
    55.758407437802596,
    62.649820430708338,
    60.728905802755904,
    58.051701094799967,
    55.081757415681643,
    54.083269131959838,
    52.773099207835045,
    53.450912059571067,
    52.801515129776341,
    49.396356140913873,
    45.453272709454048,
    39.6232255123179,
    37.20215047547655,
    34.0,
    34.176014981270121,
    32.984845004941285,
    32.2490309931942,
    33.0,
    34.23448553724738,
    36.138621999185304,
    38.626415831655933,
    43.416586692184822,
    50.219518117958877,
    58.728187440104094,
    28.42534080710379,
    31.906112267087632,
    35.341194094144583,
    38.897300677553446,
    37.656340767525464,
    37.054014627297811,
    33.060550509633082,
    32.557641192199412,
    33.526109228480422,
    30.870698080866262,
    26.076809620810597,
    25.612496949731394,
    24.758836806279895,
    24.413111231467404,
    49.244289008980523,
    41.785164831552358,
    38.078865529319543,
    36.221540552549669
  ],
  [
    35.0,
    34.23448553724738,
    34.928498393145958,
    37.336309405188942,
    39.824615503479755,
    43.011626335213137,
    48.104053883222775,
    53.2634959423431,
    59.363288318623319,
    62.649820430708338,
    60.728905802755904,
    56.885850613311568,
    55.081757415681643,
    53.084837759947987,
    52.773099207835045,
    52.497618993626752,
    51.894122981316485,
    47.169905660283021,
    42.638011210655684,
    38.2099463490856,
    35.805027579936315,
    33.120990323358392,
    32.310988842807021,
    32.015621187164243,
    32.2490309931942,
    33.0,
    34.23448553724738,
    37.107950630558946,
    39.560080889704963,
    45.650848842053307,
    53.009433122794285,
    62.968245965724662,
    29.832867780352597,
    33.286633954186478,
    37.576588456111871,
    38.897300677553446,
    37.656340767525464,
    35.057096285916209,
    33.060550509633082,
    33.541019662496844,
    33.526109228480422,
    30.870698080866262,
    26.076809620810597,
    25.612496949731394,
    24.758836806279895,
    51.61395160225576,
    44.294469180700204,
    40.853396431630991,
    37.107950630558946,
    35.227829907617071
  ],
  [
    35.0,
    36.221540552549669,
    38.078865529319543,
    39.560080889704963,
    44.294469180700204,
    48.010415536631214,
    53.075418038862395,
    59.665735560705194,
    67.4166151627327,
    61.741396161732524,
    57.56735185849702,
    54.918120870983927,
    53.084837759947987,
    52.086466572421671,
    50.803543183522152,
    50.289163842720633,
    45.188494110780013,
    41.340053217188775,
    40.459856648287818,
    38.2099463490856,
    35.805027579936315,
    34.0,
    33.241540277189323,
    33.955853692699293,
    35.227829907617071,
    37.0,
    38.2099463490856,
    42.201895692018383,
    47.169905660283021,
    54.589376255824725,
    64.404968752418469,
    23.345235059857504,
    28.42534080710379,
    33.286633954186478,
    37.576588456111871,
    37.643060449437421,
    37.656340767525464,
    35.057096285916209,
    32.0624390837628,
    34.525353003264136,
    35.735136770411273,
    35.341194094144583,
    29.681644159311659,
    28.42534080710379,
    27.586228448267445,
    48.010415536631214,
    42.059481689626182,
    38.626415831655933,
    36.138621999185304,
    35.227829907617071
  ],
  [
    35.0,
    37.215588131856791,
    39.05124837953327,
    41.785164831552358,
    45.650848842053307,
    50.219518117958877,
    56.586217403180434,
    64.660652641308843,
    65.192024052026483,
    60.415229867972862,
    55.659680200302986,
    52.773099207835045,
    51.088159097779204,
    50.089919145472777,
    49.8196748283246,
    48.383881613611777,
    42.047592083257278,
    39.962482405376171,
    38.418745424597091,
    37.483329627982627,
    34.409301068170507,
    33.120990323358392,
    33.241540277189323,
    33.955853692699293,
    35.227829907617071,
    37.0,
    39.319206502675,
    43.174066289845804,
    49.396356140913873,
    55.470712993434653,
    66.610809933523555,
    21.931712199461309,
    28.42534080710379,
    33.286633954186478,
    36.249137920783717,
    37.643060449437421,
    36.496575181789318,
    35.057096285916209,
    32.0624390837628,
    34.525353003264136,
    35.735136770411273,
    35.341194094144583,
    29.681644159311659,
    29.832867780352597,
    53.075418038862395,
    46.61544808322666,
    41.182520563948,
    37.336309405188942,
    36.138621999185304,
    35.227829907617071
  ],
  [
    35.0,
    36.221540552549669,
    39.05124837953327,
    41.785164831552358,
    45.650848842053307,
    50.219518117958877,
    56.586217403180434,
    65.299310869258036,
    63.812224534175265,
    59.506302187247357,
    55.659680200302986,
    51.788029504896208,
    51.088159097779204,
    50.089919145472777,
    49.8196748283246,
    48.383881613611777,
    42.047592083257278,
    39.962482405376171,
    39.05124837953327,
    27.586228448267445,
    34.409301068170507,
    33.120990323358392,
    33.241540277189323,
    33.955853692699293,
    36.221540552549669,
    38.0,
    40.311288741492746,
    45.354161881794269,
    50.328918128646478,
    59.0592922409336,
    20.808652046684813,
    24.758836806279895,
    29.832867780352597,
    33.286633954186478,
    37.576588456111871,
    36.687872655688281,
    35.510561809129406,
    33.060550509633082,
    33.060550509633082,
    34.525353003264136,
    35.735136770411273,
    32.202484376209235,
    28.301943396169811,
    28.42534080710379,
    50.24937810560445,
    44.407206622349037,
    39.824615503479755,
    37.336309405188942,
    34.928498393145958,
    35.227829907617071
  ],
  [
    36.0,
    38.2099463490856,
    40.26164427839479,
    44.011362169330773,
    47.885279575251516,
    51.61395160225576,
    58.728187440104094,
    67.475921631349351,
    62.433965115151864,
    58.600341295934449,
    54.405882034941776,
    51.788029504896208,
    50.089919145472777,
    50.089919145472777,
    49.8196748283246,
    45.221676218380054,
    41.6293165929973,
    39.11521443121589,
    38.418745424597091,
    27.586228448267445,
    33.015148038438355,
    33.120990323358392,
    32.310988842807021,
    33.955853692699293,
    35.227829907617071,
    37.0,
    40.311288741492746,
    44.384682042344295,
    50.328918128646478,
    58.180752831155424,
    22.203603311174518,
    23.345235059857504,
    28.42534080710379,
    33.286633954186478,
    36.249137920783717,
    36.687872655688281,
    35.510561809129406,
    34.058772731852805,
    34.058772731852805,
    35.510561809129406,
    35.735136770411273,
    32.202484376209235,
    29.681644159311659,
    28.42534080710379,
    52.3450093132096,
    44.407206622349037,
    41.182520563948,
    37.336309405188942,
    36.138621999185304,
    36.221540552549669
  ],
  [
    35.0,
    36.221540552549669,
    38.078865529319543,
    39.560080889704963,
    44.294469180700204,
    48.010415536631214,
    53.075418038862395,
    59.665735560705194,
    62.433965115151864,
    59.506302187247357,
    56.612719418872643,
    52.773099207835045,
    51.088159097779204,
    51.088159097779204,
    50.803543183522152,
    50.289163842720633,
    46.518813398452032,
    41.340053217188775,
    37.643060449437421,
    33.97057550292606,
    32.202484376209235,
    30.4138126514911,
    32.310988842807021,
    32.015621187164243,
    33.241540277189323,
    35.0,
    37.215588131856791,
    40.26164427839479,
    44.944410108488462,
    52.354560450833695,
    61.611687202997452,
    28.319604517012593,
    31.240998703626616,
    35.510561809129406,
    38.483762809787713,
    37.643060449437421,
    36.496575181789318,
    33.060550509633082,
    35.057096285916209,
    35.510561809129406,
    33.526109228480422,
    28.635642126552707,
    27.459060435491963,
    26.248809496813376,
    24.758836806279895,
    45.803929962395145,
    41.182520563948,
    37.336309405188942,
    36.138621999185304,
    35.227829907617071
  ],
  [
    34.0,
    34.23448553724738,
    36.138621999185304,
    37.336309405188942,
    41.182520563948,
    44.407206622349037,
    48.104053883222775,
    53.2634959423431,
    61.587336360651285,
    61.741396161732524,
    58.821764679410968,
    55.901699437494742,
    54.083269131959838,
    53.084837759947987,
    52.773099207835045,
    52.497618993626752,
    51.894122981316485,
    46.324939287601879,
    42.638011210655684,
    38.2099463490856,
    35.805027579936315,
    34.0,
    32.310988842807021,
    30.805843601498726,
    32.2490309931942,
    32.0,
    34.23448553724738,
    37.107950630558946,
    40.853396431630991,
    45.650848842053307,
    54.405882034941776,
    62.968245965724662,
    31.240998703626616,
    33.286633954186478,
    37.576588456111871,
    38.897300677553446,
    37.656340767525464,
    35.057096285916209,
    35.057096285916209,
    35.510561809129406,
    33.526109228480422,
    27.313000567495326,
    27.459060435491963,
    25.612496949731394,
    24.758836806279895,
    48.010415536631214,
    42.059481689626182,
    38.626415831655933,
    36.138621999185304,
    34.23448553724738
  ],
  [
    35.0,
    34.23448553724738,
    36.138621999185304,
    37.336309405188942,
    41.182520563948,
    44.407206622349037,
    48.104053883222775,
    53.2634959423431,
    60.207972893961475,
    61.741396161732524,
    58.821764679410968,
    55.901699437494742,
    54.083269131959838,
    53.084837759947987,
    52.773099207835045,
    52.497618993626752,
    51.894122981316485,
    46.324939287601879,
    42.638011210655684,
    38.2099463490856,
    35.805027579936315,
    33.120990323358392,
    32.310988842807021,
    30.805843601498726,
    31.256999216175569,
    32.0,
    33.241540277189323,
    34.928498393145958,
    38.626415831655933,
    44.294469180700204,
    50.219518117958877,
    60.141499815019579,
    29.832867780352597,
    33.286633954186478,
    36.249137920783717,
    38.897300677553446,
    37.656340767525464,
    36.055512754639892,
    34.058772731852805,
    34.525353003264136,
    34.481879299133332,
    28.635642126552707,
    27.459060435491963,
    26.248809496813376,
    24.758836806279895,
    49.4064773081425,
    43.416586692184822,
    38.626415831655933,
    37.107950630558946,
    35.227829907617071
  ],
  [
    34.0,
    34.23448553724738,
    34.928498393145958,
    36.400549446402593,
    38.470768123342687,
    42.201895692018383,
    46.690470119715009,
    50.447993022517757,
    57.140178508646613,
    60.415229867972862,
    58.821764679410968,
    55.901699437494742,
    54.083269131959838,
    53.084837759947987,
    51.788029504896208,
    52.497618993626752,
    52.801515129776341,
    48.548944375753422,
    44.045431091090478,
    40.311288741492746,
    38.013155617496423,
    35.355339059327378,
    34.176014981270121,
    32.984845004941285,
    32.2490309931942,
    32.0,
    32.2490309931942,
    33.955853692699293,
    37.336309405188942,
    42.059481689626182,
    48.010415536631214,
    57.3149195236284,
    70.292247083159893,
    33.286633954186478,
    37.576588456111871,
    38.897300677553446,
    38.639358172723313,
    37.054014627297811,
    35.057096285916209,
    35.510561809129406,
    33.526109228480422,
    27.313000567495326,
    26.076809620810597,
    25.612496949731394,
    24.758836806279895,
    53.009433122794285,
    44.294469180700204,
    39.560080889704963,
    37.107950630558946,
    35.227829907617071
  ],
  [
    35.0,
    34.23448553724738,
    34.928498393145958,
    36.400549446402593,
    38.470768123342687,
    42.201895692018383,
    46.690470119715009,
    51.855568649856693,
    57.140178508646613,
    59.506302187247357,
    56.612719418872643,
    54.918120870983927,
    53.084837759947987,
    52.086466572421671,
    51.788029504896208,
    52.497618993626752,
    52.801515129776341,
    48.548944375753422,
    45.453272709454048,
    42.449970553582247,
    39.408120990476064,
    36.235341863986875,
    35.4682957019364,
    33.955853692699293,
    31.256999216175569,
    29.0,
    29.154759474226502,
    29.832867780352597,
    33.241540277189323,
    37.589892258425,
    44.407206622349037,
    53.075418038862395,
    65.299310869258036,
    82.680106434377549,
    36.249137920783717,
    37.643060449437421,
    36.496575181789318,
    35.057096285916209,
    31.064449134018133,
    31.400636936215164,
    29.410882339705484,
    24.166091947189145,
    23.323807579381203,
    23.430749027719962,
    23.345235059857504,
    23.600847442411894,
    45.650848842053307,
    40.853396431630991,
    38.078865529319543,
    36.221540552549669
  ],
  [
    36.0,
    35.227829907617071,
    36.138621999185304,
    37.336309405188942,
    38.470768123342687,
    42.201895692018383,
    46.690470119715009,
    51.855568649856693,
    57.140178508646613,
    58.600341295934449,
    55.659680200302986,
    53.9351462406472,
    52.086466572421671,
    51.088159097779204,
    50.803543183522152,
    51.546095875439491,
    52.801515129776341,
    50.774009099144415,
    46.227697325304881,
    42.449970553582247,
    40.80441152620633,
    39.824615503479755,
    37.336309405188942,
    34.928498393145958,
    32.2490309931942,
    31.0,
    31.256999216175569,
    30.805843601498726,
    30.083217912982647,
    31.76476034853718,
    37.20215047547655,
    45.276925690687087,
    58.258046654518033,
    76.8505042273634,
    36.249137920783717,
    37.643060449437421,
    36.496575181789318,
    34.058772731852805,
    31.064449134018133,
    27.459060435491963,
    24.041630560342615,
    21.931712199461309,
    22.472205054244231,
    22.022715545545239,
    23.345235059857504,
    23.600847442411894,
    45.650848842053307,
    41.785164831552358,
    39.05124837953327,
    37.215588131856791
  ],
  [
    36.0,
    35.227829907617071,
    36.138621999185304,
    37.336309405188942,
    38.470768123342687,
    42.201895692018383,
    46.690470119715009,
    51.855568649856693,
    57.140178508646613,
    58.600341295934449,
    55.659680200302986,
    53.9351462406472,
    52.086466572421671,
    51.088159097779204,
    50.803543183522152,
    51.546095875439491,
    52.801515129776341,
    50.774009099144415,
    46.227697325304881,
    43.863424398922618,
    40.80441152620633,
    39.824615503479755,
    37.336309405188942,
    34.928498393145958,
    33.241540277189323,
    32.0,
    31.256999216175569,
    30.805843601498726,
    31.016124838541646,
    31.76476034853718,
    38.013155617496423,
    46.690470119715009,
    61.073725938409879,
    80.454956342042721,
    37.576588456111871,
    37.643060449437421,
    36.496575181789318,
    33.060550509633082,
    31.064449134018133,
    26.476404589747453,
    24.041630560342615,
    21.023796041628639,
    22.472205054244231,
    22.022715545545239,
    23.345235059857504,
    23.600847442411894,
    45.650848842053307,
    40.853396431630991,
    38.078865529319543,
    36.221540552549669
  ],
  [
    37.0,
    37.215588131856791,
    37.107950630558946,
    38.626415831655933,
    41.182520563948,
    44.407206622349037,
    49.51767361255979,
    53.2634959423431,
    59.363288318623319,
    58.600341295934449,
    55.659680200302986,
    53.9351462406472,
    52.086466572421671,
    52.086466572421671,
    51.788029504896208,
    52.497618993626752,
    52.801515129776341,
    50.774009099144415,
    45.453272709454048,
    42.449970553582247,
    40.80441152620633,
    39.824615503479755,
    37.336309405188942,
    33.955853692699293,
    32.2490309931942,
    31.0,
    30.14962686336267,
    29.832867780352597,
    30.083217912982647,
    31.76476034853718,
    40.80441152620633,
    50.24937810560445,
    65.299310869258036,
    85.440037453175307,
    37.576588456111871,
    37.643060449437421,
    36.496575181789318,
    34.058772731852805,
    31.064449134018133,
    27.459060435491963,
    25.298221281347036,
    21.931712199461309,
    22.472205054244231,
    23.430749027719962,
    23.345235059857504,
    24.413111231467404,
    46.529560496527367,
    43.08131845707603,
    40.26164427839479,
    38.2099463490856
  ],
  [
    38.0,
    37.215588131856791,
    37.107950630558946,
    38.626415831655933,
    41.182520563948,
    44.407206622349037,
    48.104053883222775,
    53.2634959423431,
    59.363288318623319,
    63.976558206893252,
    60.728905802755904,
    59.033888572581766,
    57.078892771321343,
    56.080299571239813,
    55.901699437494742,
    56.612719418872643,
    56.36488268416781,
    52.153619241621193,
    48.270073544588683,
    43.863424398922618,
    40.80441152620633,
    38.470768123342687,
    36.400549446402593,
    32.984845004941285,
    31.256999216175569,
    32.0,
    32.2490309931942,
    32.984845004941285,
    36.400549446402593,
    42.059481689626182,
    48.010415536631214,
    57.3149195236284,
    70.292247083159893,
    33.286633954186478,
    36.249137920783717,
    37.643060449437421,
    36.496575181789318,
    35.057096285916209,
    31.064449134018133,
    29.427877939124322,
    29.410882339705484,
    28.635642126552707,
    22.472205054244231,
    23.430749027719962,
    23.345235059857504,
    23.600847442411894,
    24.186773244895647,
    47.169905660283021,
    42.201895692018383,
    40.311288741492746
  ],
  [
    38.0,
    37.215588131856791,
    38.078865529319543,
    39.560080889704963,
    42.059481689626182,
    45.803929962395145,
    50.24937810560445,
    55.443665102516448,
    61.587336360651285,
    66.2117814289874,
    62.936475910238251,
    60.016664352494629,
    58.077534382926416,
    57.078892771321343,
    55.901699437494742,
    56.612719418872643,
    56.36488268416781,
    52.153619241621193,
    46.861498055439924,
    43.863424398922618,
    40.80441152620633,
    38.470768123342687,
    37.336309405188942,
    33.955853692699293,
    31.256999216175569,
    30.0,
    32.2490309931942,
    33.955853692699293,
    37.336309405188942,
    42.059481689626182,
    49.4064773081425,
    60.141499815019579,
    75.286120898874842,
    35.510561809129406,
    38.483762809787713,
    39.849717690342551,
    38.639358172723313,
    36.055512754639892,
    32.0624390837628,
    32.557641192199412,
    31.32091952673165,
    25.495097567963924,
    24.698178070456937,
    24.207436873820409,
    24.758836806279895,
    25.80697580112788,
    50.119856344566671,
    44.944410108488462,
    41.231056256176608,
    39.319206502675
  ],
  [
    38.0,
    37.215588131856791,
    38.078865529319543,
    39.560080889704963,
    42.059481689626182,
    45.803929962395145,
    49.51767361255979,
    54.671747731346578,
    61.587336360651285,
    68.4470598345904,
    65.145989899609319,
    61.98386886924694,
    59.076221950967721,
    58.077534382926416,
    58.051701094799967,
    57.56735185849702,
    57.271284253105414,
    54.378304497290095,
    48.270073544588683,
    45.276925690687087,
    42.201895692018383,
    39.824615503479755,
    38.626415831655933,
    37.107950630558946,
    34.23448553724738,
    32.0,
    32.2490309931942,
    32.984845004941285,
    36.400549446402593,
    42.059481689626182,
    48.010415536631214,
    57.3149195236284,
    70.292247083159893,
    35.510561809129406,
    39.812058474788763,
    42.059481689626182,
    40.607881008493905,
    38.052595180880893,
    35.057096285916209,
    34.525353003264136,
    32.572994949804659,
    25.495097567963924,
    26.076809620810597,
    25.612496949731394,
    26.1725046566048,
    25.80697580112788,
    49.244289008980523,
    44.011362169330773,
    41.231056256176608,
    39.319206502675
  ],
  [
    38.0,
    38.2099463490856,
    38.078865529319543,
    40.853396431630991,
    42.059481689626182,
    45.803929962395145,
    50.24937810560445,
    55.443665102516448,
    61.587336360651285,
    69.354163537598808,
    67.357256476195644,
    65.115282384398824,
    62.072538211353979,
    60.074953183502359,
    59.033888572581766,
    58.821764679410968,
    58.600341295934449,
    54.378304497290095,
    50.447993022517757,
    46.690470119715009,
    43.011626335213137,
    41.182520563948,
    39.560080889704963,
    38.078865529319543,
    35.227829907617071,
    33.0,
    33.241540277189323,
    33.955853692699293,
    37.336309405188942,
    42.059481689626182,
    49.4064773081425,
    60.141499815019579,
    73.878278269055514,
    37.735924528226413,
    41.6293165929973,
    43.011626335213137,
    41.593268686170845,
    39.05124837953327,
    36.055512754639892,
    35.510561809129406,
    32.572994949804659,
    26.40075756488817,
    26.076809620810597,
    25.612496949731394,
    26.1725046566048,
    27.202941017470888,
    50.119856344566671,
    44.944410108488462,
    42.201895692018383,
    39.319206502675
  ],
  [
    40.0,
    39.319206502675,
    41.231056256176608,
    43.08131845707603,
    45.650848842053307,
    49.4064773081425,
    53.075418038862395,
    58.258046654518033,
    65.192024052026483,
    72.917761896536561,
    71.470273540822546,
    69.2314957226839,
    66.121101019266163,
    64.1248781675256,
    62.968245965724662,
    61.98386886924694,
    59.506302187247357,
    55.758407437802596,
    50.447993022517757,
    46.690470119715009,
    44.407206622349037,
    41.182520563948,
    40.853396431630991,
    39.05124837953327,
    36.221540552549669,
    34.0,
    32.2490309931942,
    36.138621999185304,
    38.626415831655933,
    44.294469180700204,
    51.61395160225576,
    62.968245965724662,
    78.10249675906654,
    39.11521443121589,
    44.283179650969061,
    46.173585522460783,
    45.705579528105758,
    43.046486500061768,
    39.05124837953327,
    39.6232255123179,
    36.687872655688281,
    30.870698080866262,
    29.681644159311659,
    29.832867780352597,
    29.0,
    61.611687202997452,
    52.354560450833695,
    47.169905660283021,
    43.174066289845804,
    41.303752856126764
  ],
  [
    41.0,
    39.319206502675,
    40.26164427839479,
    41.785164831552358,
    44.294469180700204,
    46.61544808322666,
    50.931326312987373,
    56.080299571239813,
    62.433965115151864,
    72.917761896536561,
    74.632432628181164,
    72.180329730474355,
    70.114192571832419,
    68.117545463705611,
    66.098411478642959,
    66.098411478642959,
    62.649820430708338,
    57.140178508646613,
    53.2634959423431,
    49.51767361255979,
    45.803929962395145,
    43.416586692184822,
    41.785164831552358,
    40.26164427839479,
    37.215588131856791,
    35.0,
    36.221540552549669,
    37.107950630558946,
    39.560080889704963,
    44.294469180700204,
    50.219518117958877,
    60.141499815019579,
    75.286120898874842,
    39.962482405376171,
    44.283179650969061,
    47.127486671792717,
    46.690470119715009,
    44.045431091090478,
    40.049968789001575,
    40.607881008493905,
    38.897300677553446,
    32.202484376209235,
    30.528675044947494,
    29.832867780352597,
    30.4138126514911,
    66.610809933523555,
    55.470712993434653,
    49.396356140913873,
    45.354161881794269,
    42.2965719651132
  ],
  [
    41.0,
    40.311288741492746,
    41.231056256176608,
    43.08131845707603,
    44.294469180700204,
    48.010415536631214,
    52.3450093132096,
    58.258046654518033,
    63.812224534175265,
    73.824115301167,
    75.584389922787622,
    73.16419889536138,
    71.112586790244109,
    69.1158447825099,
    67.082039324993687,
    67.357256476195644,
    62.649820430708338,
    57.140178508646613,
    53.2634959423431,
    49.51767361255979,
    45.803929962395145,
    43.416586692184822,
    41.785164831552358,
    40.26164427839479,
    37.215588131856791,
    35.0,
    35.227829907617071,
    37.107950630558946,
    38.626415831655933,
    43.416586692184822,
    50.219518117958877,
    58.728187440104094,
    75.286120898874842,
    93.493315269060815,
    44.283179650969061,
    47.127486671792717,
    46.690470119715009,
    45.044422518220834,
    41.048751503547585,
    40.607881008493905,
    39.849717690342551,
    32.202484376209235,
    31.906112267087632,
    31.240998703626616,
    30.4138126514911,
    30.805843601498726,
    56.824290580701486,
    50.328918128646478,
    45.354161881794269,
    42.2965719651132
  ],
  [
    42.0,
    41.303752856126764,
    42.201895692018383,
    44.011362169330773,
    45.650848842053307,
    49.4064773081425,
    54.488530903301111,
    59.665735560705194,
    66.037867924396224,
    75.153176912223742,
    76.53757247260981,
    74.330343736592525,
    71.112586790244109,
    70.114192571832419,
    68.066144300966542,
    67.357256476195644,
    61.741396161732524,
    57.982756057296896,
    53.2634959423431,
    49.51767361255979,
    46.61544808322666,
    44.294469180700204,
    43.08131845707603,
    41.231056256176608,
    38.2099463490856,
    37.0,
    35.227829907617071,
    37.107950630558946,
    38.626415831655933,
    43.416586692184822,
    51.61395160225576,
    61.554853586049575,
    78.10249675906654,
    100.70253224224304,
    46.518813398452032,
    49.33558553417604,
    48.836461788299118,
    45.044422518220834,
    41.048751503547585,
    41.593268686170845,
    38.897300677553446,
    32.202484376209235,
    31.906112267087632,
    31.240998703626616,
    31.144823004794873,
    64.404968752418469,
    54.589376255824725,
    49.396356140913873,
    45.354161881794269,
    43.289721643826724
  ],
  [
    41.0,
    40.311288741492746,
    42.201895692018383,
    43.08131845707603,
    45.650848842053307,
    49.4064773081425,
    54.488530903301111,
    59.665735560705194,
    65.192024052026483,
    76.05918747922567,
    76.53757247260981,
    75.312681535050928,
    72.111025509279784,
    71.112586790244109,
    69.2314957226839,
    67.357256476195644,
    61.741396161732524,
    57.982756057296896,
    54.671747731346578,
    50.24937810560445,
    46.61544808322666,
    44.294469180700204,
    44.011362169330773,
    42.201895692018383,
    39.319206502675,
    37.0,
    35.227829907617071,
    34.928498393145958,
    38.626415831655933,
    43.416586692184822,
    51.61395160225576,
    61.554853586049575,
    80.2807573457052,
    98.478424032881435,
    47.4236228055175,
    50.289163842720633,
    48.836461788299118,
    45.044422518220834,
    41.048751503547585,
    40.607881008493905,
    37.643060449437421,
    32.202484376209235,
    31.906112267087632,
    31.240998703626616,
    31.144823004794873,
    64.404968752418469,
    54.589376255824725,
    49.396356140913873,
    45.354161881794269,
    42.2965719651132
  ],
  [
    42.0,
    41.303752856126764,
    43.174066289845804,
    44.011362169330773,
    46.529560496527367,
    50.219518117958877,
    54.488530903301111,
    61.073725938409879,
    67.4166151627327,
    77.388629655783419,
    78.746428490440124,
    77.278716345446625,
    75.1065909225016,
    74.108029254595621,
    72.180329730474355,
    71.470273540822546,
    62.649820430708338,
    60.207972893961475,
    56.080299571239813,
    52.3450093132096,
    49.4064773081425,
    46.529560496527367,
    46.238512086787566,
    44.384682042344295,
    41.303752856126764,
    39.0,
    38.2099463490856,
    37.107950630558946,
    39.560080889704963,
    44.294469180700204,
    53.009433122794285,
    64.381674411279491,
    84.504437753291981,
    108.75660899458019,
    49.658836071740545,
    52.497618993626752,
    50.803543183522152,
    45.044422518220834,
    42.047592083257278,
    41.593268686170845,
    32.572994949804659,
    32.202484376209235,
    31.906112267087632,
    31.240998703626616,
    32.557641192199412,
    64.404968752418469,
    54.589376255824725,
    49.396356140913873,
    45.354161881794269,
    43.289721643826724
  ],
  [
    42.0,
    41.303752856126764,
    43.174066289845804,
    44.011362169330773,
    46.529560496527367,
    50.219518117958877,
    54.488530903301111,
    61.073725938409879,
    67.4166151627327,
    77.388629655783419,
    77.794601355106892,
    77.278716345446625,
    75.1065909225016,
    74.108029254595621,
    72.180329730474355,
    66.098411478642959,
    62.649820430708338,
    61.587336360651285,
    56.080299571239813,
    53.075418038862395,
    49.4064773081425,
    47.885279575251516,
    47.169905660283021,
    45.354161881794269,
    42.2965719651132,
    40.0,
    39.319206502675,
    39.05124837953327,
    38.626415831655933,
    43.416586692184822,
    53.009433122794285,
    64.381674411279491,
    83.096329642168911,
    102.08329931972223,
    51.894122981316485,
    53.450912059571067,
    51.788029504896208,
    46.043457732885351,
    43.046486500061768,
    41.593268686170845,
    33.526109228480422,
    33.1058907144937,
    33.286633954186478,
    32.649655434629018,
    32.557641192199412,
    64.404968752418469,
    54.589376255824725,
    49.396356140913873,
    45.354161881794269,
    43.289721643826724
  ],
  [
    43.0,
    43.289721643826724,
    44.384682042344295,
    46.238512086787566,
    47.885279575251516,
    51.61395160225576,
    56.586217403180434,
    62.481997407253232,
    69.6419413859206,
    77.388629655783419,
    78.746428490440124,
    78.262379212492633,
    76.105190361761785,
    75.1065909225016,
    73.16419889536138,
    66.098411478642959,
    63.071388124885914,
    61.587336360651285,
    56.080299571239813,
    53.075418038862395,
    49.4064773081425,
    47.885279575251516,
    47.169905660283021,
    45.354161881794269,
    42.2965719651132,
    39.0,
    38.2099463490856,
    38.078865529319543,
    38.626415831655933,
    43.416586692184822,
    50.219518117958877,
    62.968245965724662,
    81.688432473637292,
    98.478424032881435,
    51.894122981316485,
    53.450912059571067,
    51.788029504896208,
    46.043457732885351,
    43.046486500061768,
    41.593268686170845,
    33.526109228480422,
    33.1058907144937,
    33.286633954186478,
    32.649655434629018,
    33.241540277189323,
    65.215028942721474,
    55.470712993434653,
    50.328918128646478,
    46.324939287601879,
    44.283179650969061
  ],
  [
    42.0,
    42.2965719651132,
    43.174066289845804,
    44.944410108488462,
    47.885279575251516,
    51.61395160225576,
    56.586217403180434,
    61.073725938409879,
    69.6419413859206,
    77.388629655783419,
    78.746428490440124,
    78.262379212492633,
    76.105190361761785,
    74.108029254595621,
    73.16419889536138,
    67.357256476195644,
    63.071388124885914,
    61.587336360651285,
    56.080299571239813,
    53.075418038862395,
    50.219518117958877,
    47.885279575251516,
    47.169905660283021,
    45.354161881794269,
    42.2965719651132,
    40.0,
    39.319206502675,
    39.05124837953327,
    39.560080889704963,
    43.416586692184822,
    53.009433122794285,
    64.381674411279491,
    84.504437753291981,
    104.30723848324239,
    51.894122981316485,
    53.450912059571067,
    51.788029504896208,
    45.044422518220834,
    43.046486500061768,
    40.607881008493905,
    33.526109228480422,
    32.202484376209235,
    33.286633954186478,
    32.649655434629018,
    32.557641192199412,
    63.007936008093459,
    54.589376255824725,
    49.396356140913873,
    45.354161881794269,
    43.289721643826724
  ],
  [
    41.0,
    40.311288741492746,
    41.231056256176608,
    43.08131845707603,
    45.650848842053307,
    48.010415536631214,
    52.3450093132096,
    58.258046654518033,
    63.812224534175265,
    75.153176912223742,
    75.584389922787622,
    73.16419889536138,
    70.114192571832419,
    69.1158447825099,
    67.082039324993687,
    66.098411478642959,
    61.741396161732524,
    57.140178508646613,
    53.2634959423431,
    49.51767361255979,
    45.803929962395145,
    43.416586692184822,
    43.08131845707603,
    41.231056256176608,
    38.2099463490856,
    36.0,
    34.23448553724738,
    37.107950630558946,
    38.626415831655933,
    42.059481689626182,
    49.4064773081425,
    58.728187440104094,
    75.286120898874842,
    93.493315269060815,
    46.518813398452032,
    49.33558553417604,
    47.675989764240867,
    45.044422518220834,
    41.048751503547585,
    40.607881008493905,
    38.897300677553446,
    32.202484376209235,
    31.906112267087632,
    31.240998703626616,
    30.4138126514911,
    64.404968752418469,
    54.589376255824725,
    48.466483264210538,
    44.384682042344295,
    42.2965719651132
  ],
  [
    41.0,
    40.311288741492746,
    41.231056256176608,
    43.08131845707603,
    45.650848842053307,
    49.4064773081425,
    53.075418038862395,
    58.258046654518033,
    65.192024052026483,
    75.153176912223742,
    76.53757247260981,
    74.330343736592525,
    72.111025509279784,
    70.114192571832419,
    69.2314957226839,
    67.357256476195644,
    61.741396161732524,
    57.982756057296896,
    54.671747731346578,
    50.24937810560445,
    46.61544808322666,
    44.294469180700204,
    44.011362169330773,
    42.201895692018383,
    39.319206502675,
    37.0,
    36.221540552549669,
    34.928498393145958,
    38.626415831655933,
    42.059481689626182,
    49.4064773081425,
    60.141499815019579,
    75.286120898874842,
    94.339811320566042,
    46.518813398452032,
    49.33558553417604,
    48.836461788299118,
    45.044422518220834,
    41.048751503547585,
    41.593268686170845,
    37.643060449437421,
    32.202484376209235,
    31.906112267087632,
    31.240998703626616,
    31.144823004794873,
    64.404968752418469,
    54.589376255824725,
    48.466483264210538,
    44.384682042344295,
    42.2965719651132
  ],
  [
    41.0,
    40.311288741492746,
    42.201895692018383,
    43.08131845707603,
    45.650848842053307,
    49.4064773081425,
    53.075418038862395,
    59.665735560705194,
    65.192024052026483,
    75.153176912223742,
    76.53757247260981,
    75.312681535050928,
    72.111025509279784,
    70.114192571832419,
    69.2314957226839,
    67.357256476195644,
    61.741396161732524,
    57.982756057296896,
    54.671747731346578,
    50.24937810560445,
    46.61544808322666,
    44.294469180700204,
    44.011362169330773,
    42.201895692018383,
    39.319206502675,
    37.0,
    36.221540552549669,
    37.107950630558946,
    38.626415831655933,
    42.059481689626182,
    50.219518117958877,
    61.554853586049575,
    76.694197955256044,
    95.718336801262907,
    47.4236228055175,
    50.289163842720633,
    48.836461788299118,
    45.044422518220834,
    41.048751503547585,
    41.593268686170845,
    35.735136770411273,
    32.202484376209235,
    31.906112267087632,
    31.240998703626616,
    31.144823004794873,
    64.404968752418469,
    54.589376255824725,
    49.396356140913873,
    45.354161881794269,
    42.2965719651132
  ],
  [
    38.0,
    38.2099463490856,
    39.05124837953327,
    39.560080889704963,
    42.059481689626182,
    45.803929962395145,
    49.51767361255979,
    54.671747731346578,
    59.363288318623319,
    70.682388188289167,
    73.375745311376562,
    72.180329730474355,
    69.1158447825099,
    67.119296778199342,
    66.098411478642959,
    65.145989899609319,
    63.976558206893252,
    54.378304497290095,
    51.855568649856693,
    48.104053883222775,
    44.407206622349037,
    42.059481689626182,
    39.560080889704963,
    38.078865529319543,
    38.2099463490856,
    38.0,
    36.221540552549669,
    34.928498393145958,
    38.626415831655933,
    42.059481689626182,
    48.010415536631214,
    56.586217403180434,
    68.8839603971781,
    83.21658488546619,
    44.283179650969061,
    48.383881613611777,
    48.836461788299118,
    48.093658625644196,
    43.046486500061768,
    44.721359549995796,
    42.059481689626182,
    35.341194094144583,
    33.286633954186478,
    31.240998703626616,
    30.4138126514911,
    60.21627686929839,
    51.478150704935004,
    44.944410108488462,
    42.201895692018383,
    39.319206502675
  ],
  [
    38.0,
    38.2099463490856,
    39.05124837953327,
    41.785164831552358,
    44.294469180700204,
    46.61544808322666,
    50.24937810560445,
    56.080299571239813,
    63.812224534175265,
    72.917761896536561,
    73.375745311376562,
    71.196910045310247,
    68.117545463705611,
    66.121101019266163,
    64.132674979295857,
    62.936475910238251,
    61.741396161732524,
    61.587336360651285,
    56.080299571239813,
    50.24937810560445,
    46.61544808322666,
    44.294469180700204,
    43.08131845707603,
    42.201895692018383,
    41.303752856126764,
    41.0,
    41.303752856126764,
    42.201895692018383,
    43.08131845707603,
    45.650848842053307,
    51.61395160225576,
    58.728187440104094,
    70.292247083159893,
    84.059502734670033,
    55.036351623268054,
    53.450912059571067,
    52.773099207835045,
    52.086466572421671,
    55.081757415681643,
    53.9351462406472,
    45.221676218380054,
    41.6293165929973,
    37.735924528226413,
    36.235341863986875,
    69.354163537598808,
    56.612719418872643,
    50.119856344566671,
    44.011362169330773,
    41.231056256176608,
    39.319206502675
  ],
  [
    39.0,
    39.319206502675,
    40.26164427839479,
    41.785164831552358,
    44.294469180700204,
    48.010415536631214,
    52.3450093132096,
    56.080299571239813,
    65.192024052026483,
    72.917761896536561,
    73.375745311376562,
    71.196910045310247,
    68.117545463705611,
    66.121101019266163,
    64.132674979295857,
    62.936475910238251,
    61.741396161732524,
    59.363288318623319,
    54.671747731346578,
    49.51767361255979,
    45.803929962395145,
    44.294469180700204,
    43.08131845707603,
    42.201895692018383,
    41.303752856126764,
    41.0,
    41.303752856126764,
    42.201895692018383,
    43.08131845707603,
    45.650848842053307,
    51.61395160225576,
    58.728187440104094,
    70.292247083159893,
    84.059502734670033,
    54.12947441089743,
    52.497618993626752,
    52.773099207835045,
    52.086466572421671,
    54.083269131959838,
    53.9351462406472,
    45.221676218380054,
    40.718546143004666,
    37.735924528226413,
    34.828149534535996,
    68.622153857191051,
    55.21775076911409,
    49.244289008980523,
    44.011362169330773,
    41.231056256176608,
    39.319206502675
  ],
  [
    38.0,
    38.2099463490856,
    40.26164427839479,
    41.785164831552358,
    44.294469180700204,
    48.010415536631214,
    52.3450093132096,
    58.258046654518033,
    69.6419413859206,
    70.682388188289167,
    69.260378283691168,
    66.098411478642959,
    63.126856408346519,
    62.072538211353979,
    60.016664352494629,
    59.774576535513823,
    59.506302187247357,
    57.140178508646613,
    51.855568649856693,
    48.104053883222775,
    45.803929962395145,
    43.416586692184822,
    43.08131845707603,
    42.201895692018383,
    42.2965719651132,
    42.0,
    42.2965719651132,
    44.384682042344295,
    44.944410108488462,
    50.119856344566671,
    56.612719418872643,
    67.208630398186216,
    78.10249675906654,
    54.378304497290095,
    54.12947441089743,
    51.546095875439491,
    51.788029504896208,
    53.084837759947987,
    54.083269131959838,
    43.737855457258078,
    40.80441152620633,
    37.576588456111871,
    35.510561809129406,
    75.286120898874842,
    57.3149195236284,
    50.219518117958877,
    44.294469180700204,
    40.853396431630991,
    39.05124837953327,
    38.2099463490856
  ],
  [
    40.0,
    40.311288741492746,
    42.201895692018383,
    44.011362169330773,
    46.529560496527367,
    50.219518117958877,
    54.488530903301111,
    62.481997407253232,
    71.021123618258812,
    71.589105316381762,
    69.260378283691168,
    67.082039324993687,
    64.1248781675256,
    62.072538211353979,
    61.0,
    59.774576535513823,
    59.506302187247357,
    57.140178508646613,
    53.2634959423431,
    48.104053883222775,
    45.803929962395145,
    44.294469180700204,
    43.08131845707603,
    42.201895692018383,
    41.303752856126764,
    42.0,
    42.2965719651132,
    43.174066289845804,
    46.238512086787566,
    52.354560450833695,
    60.21627686929839,
    69.354163537598808,
    83.096329642168911,
    53.0,
    52.801515129776341,
    51.546095875439491,
    50.803543183522152,
    53.084837759947987,
    54.083269131959838,
    44.721359549995796,
    42.059481689626182,
    38.483762809787713,
    35.510561809129406,
    76.694197955256044,
    58.728187440104094,
    51.61395160225576,
    46.529560496527367,
    43.08131845707603,
    40.26164427839479,
    39.319206502675
  ],
  [
    39.0,
    40.311288741492746,
    41.231056256176608,
    44.011362169330773,
    46.529560496527367,
    50.219518117958877,
    54.488530903301111,
    61.073725938409879,
    70.178344238091,
    71.589105316381762,
    69.260378283691168,
    67.082039324993687,
    64.1248781675256,
    62.072538211353979,
    61.0,
    59.774576535513823,
    59.506302187247357,
    57.140178508646613,
    53.2634959423431,
    48.104053883222775,
    45.803929962395145,
    44.294469180700204,
    43.08131845707603,
    42.201895692018383,
    42.2965719651132,
    43.0,
    43.289721643826724,
    44.384682042344295,
    47.169905660283021,
    52.354560450833695,
    60.21627686929839,
    72.180329730474355,
    84.504437753291981,
    54.378304497290095,
    54.12947441089743,
    51.546095875439491,
    51.788029504896208,
    53.084837759947987,
    54.083269131959838,
    44.721359549995796,
    42.059481689626182,
    37.576588456111871,
    35.510561809129406,
    75.286120898874842,
    58.728187440104094,
    50.219518117958877,
    45.650848842053307,
    41.785164831552358,
    39.05124837953327,
    39.319206502675
  ],
  [
    40.0,
    39.319206502675,
    40.26164427839479,
    41.785164831552358,
    44.294469180700204,
    46.61544808322666,
    50.931326312987373,
    56.080299571239813,
    63.812224534175265,
    72.917761896536561,
    73.375745311376562,
    73.16419889536138,
    72.111025509279784,
    70.114192571832419,
    68.066144300966542,
    67.357256476195644,
    65.30696746902278,
    63.812224534175265,
    56.850681614207581,
    53.075418038862395,
    51.61395160225576,
    49.244289008980523,
    47.169905660283021,
    46.324939287601879,
    46.2709412050371,
    46.0,
    46.2709412050371,
    47.296934361541872,
    46.238512086787566,
    46.529560496527367,
    48.010415536631214,
    52.3450093132096,
    62.481997407253232,
    78.230428862431779,
    85.0,
    55.659680200302986,
    55.901699437494742,
    55.081757415681643,
    56.080299571239813,
    46.690470119715009,
    43.011626335213137,
    39.812058474788763,
    37.735924528226413,
    84.504437753291981,
    64.381674411279491,
    55.21775076911409,
    50.119856344566671,
    44.944410108488462,
    42.201895692018383,
    41.303752856126764
  ],
  [
    42.0,
    41.303752856126764,
    40.26164427839479,
    40.853396431630991,
    42.059481689626182,
    44.407206622349037,
    48.104053883222775,
    51.855568649856693,
    56.603886792339623,
    63.071388124885914,
    73.375745311376562,
    75.312681535050928,
    76.105190361761785,
    76.105190361761785,
    75.312681535050928,
    74.632432628181164,
    75.153176912223742,
    73.246160308919954,
    65.299310869258036,
    60.141499815019579,
    54.405882034941776,
    51.478150704935004,
    49.396356140913873,
    47.296934361541872,
    46.2709412050371,
    45.0,
    45.276925690687087,
    45.354161881794269,
    46.238512086787566,
    44.294469180700204,
    44.407206622349037,
    45.276925690687087,
    53.2634959423431,
    63.812224534175265,
    79.624116949577527,
    96.462427918853464,
    55.901699437494742,
    58.077534382926416,
    58.077534382926416,
    55.901699437494742,
    55.659680200302986,
    45.188494110780013,
    42.720018726587654,
    39.05124837953327,
    37.483329627982627,
    76.609398901179219,
    61.294371682887821,
    53.488316481265329,
    47.296934361541872,
    44.283179650969061
  ],
  [
    44.0,
    41.303752856126764,
    40.26164427839479,
    40.853396431630991,
    41.182520563948,
    43.011626335213137,
    46.690470119715009,
    49.040799340956916,
    53.0,
    58.600341295934449,
    67.357256476195644,
    74.330343736592525,
    76.105190361761785,
    76.105190361761785,
    76.2954782408499,
    75.584389922787622,
    76.05918747922567,
    76.8505042273634,
    70.292247083159893,
    62.968245965724662,
    55.21775076911409,
    51.478150704935004,
    48.466483264210538,
    45.354161881794269,
    43.289721643826724,
    42.0,
    41.303752856126764,
    41.231056256176608,
    41.785164831552358,
    41.182520563948,
    43.011626335213137,
    46.690470119715009,
    53.2634959423431,
    61.587336360651285,
    75.153176912223742,
    93.605555390692487,
    50.803543183522152,
    56.080299571239813,
    58.077534382926416,
    56.885850613311568,
    52.497618993626752,
    55.036351623268054,
    48.548944375753422,
    42.638011210655684,
    39.6232255123179,
    37.20215047547655,
    79.649231006959511,
    61.098281481560512,
    52.630789467763066,
    46.2709412050371
  ],
  [
    45.0,
    42.2965719651132,
    40.26164427839479,
    41.785164831552358,
    42.059481689626182,
    43.011626335213137,
    46.690470119715009,
    49.040799340956916,
    52.153619241621193,
    58.600341295934449,
    66.098411478642959,
    74.330343736592525,
    77.103826104804938,
    77.103826104804938,
    76.2954782408499,
    76.53757247260981,
    77.388629655783419,
    76.8505042273634,
    72.47068372797375,
    62.968245965724662,
    56.612719418872643,
    51.478150704935004,
    48.466483264210538,
    45.354161881794269,
    43.289721643826724,
    42.0,
    41.303752856126764,
    40.26164427839479,
    40.853396431630991,
    41.182520563948,
    40.80441152620633,
    45.276925690687087,
    50.447993022517757,
    59.363288318623319,
    70.682388188289167,
    87.281154896117187,
    49.8196748283246,
    55.081757415681643,
    58.077534382926416,
    58.051701094799967,
    51.546095875439491,
    55.036351623268054,
    52.153619241621193,
    43.278170016764804,
    40.311288741492746,
    37.20215047547655,
    86.353922898731128,
    66.483080554378645,
    54.571054598569013,
    49.365980188789933
  ],
  [
    47.0,
    44.283179650969061,
    42.201895692018383,
    41.785164831552358,
    43.416586692184822,
    44.407206622349037,
    46.690470119715009,
    49.040799340956916,
    53.0,
    58.600341295934449,
    65.145989899609319,
    74.330343736592525,
    78.10249675906654,
    78.10249675906654,
    77.278716345446625,
    77.794601355106892,
    78.294316524253531,
    79.075912893876861,
    73.878278269055514,
    64.381674411279491,
    58.008620049092706,
    52.354560450833695,
    49.396356140913873,
    45.354161881794269,
    42.2965719651132,
    43.0,
    42.2965719651132,
    40.26164427839479,
    39.560080889704963,
    39.824615503479755,
    42.201895692018383,
    45.276925690687087,
    50.447993022517757,
    57.140178508646613,
    68.4470598345904,
    84.118963379252364,
    45.705579528105758,
    53.084837759947987,
    57.078892771321343,
    58.051701094799967,
    55.659680200302986,
    52.801515129776341,
    54.378304497290095,
    48.270073544588683,
    42.449970553582247,
    39.408120990476064,
    36.235341863986875,
    74.094534211370814,
    59.665735560705194,
    52.3450093132096
  ],
  [
    49.0,
    45.276925690687087,
    43.174066289845804,
    43.08131845707603,
    43.416586692184822,
    44.407206622349037,
    46.690470119715009,
    50.447993022517757,
    54.378304497290095,
    58.600341295934449,
    67.357256476195644,
    77.278716345446625,
    80.156097709406993,
    80.156097709406993,
    80.4114419718985,
    79.6994353806851,
    80.529497701152962,
    81.301906496711382,
    73.878278269055514,
    65.79513659838392,
    56.612719418872643,
    52.354560450833695,
    48.466483264210538,
    44.384682042344295,
    42.2965719651132,
    44.0,
    43.289721643826724,
    41.231056256176608,
    40.853396431630991,
    41.182520563948,
    43.011626335213137,
    46.690470119715009,
    51.855568649856693,
    59.363288318623319,
    70.682388188289167,
    88.232647019116456,
    44.721359549995796,
    52.086466572421671,
    57.078892771321343,
    58.051701094799967,
    55.659680200302986,
    49.658836071740545,
    53.0,
    51.855568649856693,
    42.449970553582247,
    40.80441152620633,
    37.589892258425,
    80.4114419718985,
    62.81719509815764,
    53.338541412378348
  ],
  [
    53.0,
    48.373546489791295,
    45.354161881794269,
    44.011362169330773,
    44.294469180700204,
    45.803929962395145,
    46.690470119715009,
    50.447993022517757,
    54.378304497290095,
    58.600341295934449,
    15.524174696260024,
    15.132745950421556,
    15.033296378372908,
    15.033296378372908,
    14.142135623730951,
    13.601470508735444,
    85.0,
    70.178344238091,
    66.068146636635717,
    64.381674411279491,
    59.405386961116584,
    54.589376255824725,
    50.328918128646478,
    46.324939287601879,
    47.381430961928537,
    46.0,
    44.283179650969061,
    42.201895692018383,
    41.785164831552358,
    43.416586692184822,
    45.803929962395145,
    48.104053883222775,
    51.855568649856693,
    61.587336360651285,
    75.153176912223742,
    39.849717690342551,
    46.690470119715009,
    51.088159097779204,
    54.083269131959838,
    53.9351462406472,
    51.546095875439491,
    42.953463189829058,
    46.324939287601879,
    46.227697325304881,
    42.449970553582247,
    37.20215047547655,
    35.355339059327378,
    34.176014981270121,
    71.06335201775947,
    59.413803110051795
  ],
  [
    50.0,
    46.2709412050371,
    44.384682042344295,
    43.08131845707603,
    14.7648230602334,
    14.422205101855956,
    14.866068747318506,
    15.620499351813308,
    15.264337522473747,
    56.36488268416781,
    61.032778078668514,
    18.248287590894659,
    19.026297590440446,
    19.026297590440446,
    19.235384061671343,
    19.924858845171276,
    20.615528128088304,
    20.248456731316587,
    20.615528128088304,
    65.79513659838392,
    61.611687202997452,
    55.470712993434653,
    17.088007490635061,
    16.492422502470642,
    48.373546489791295,
    45.0,
    42.2965719651132,
    9.2195444572928871,
    8.54400374531753,
    7.6157731058639087,
    6.4031242374328485,
    5.6568542494923806,
    6.4031242374328485,
    5.8309518948453007,
    5.3851648071345037,
    45.221676218380054,
    6.0827625302982193,
    6.0,
    6.0,
    48.836461788299118,
    42.059481689626182,
    38.483762809787713,
    39.11521443121589,
    36.235341863986875,
    30.4138126514911,
    29.410882339705484,
    29.5296461204668,
    30.083217912982647,
    68.154236845554948,
    55.443665102516448
  ],
  [
    49.0,
    45.276925690687087,
    42.201895692018383,
    41.785164831552358,
    42.059481689626182,
    15.811388300841896,
    14.866068747318506,
    15.620499351813308,
    16.643316977093239,
    16.552945357246848,
    17.720045146669349,
    20.223748416156685,
    21.023796041628639,
    22.022715545545239,
    23.345235059857504,
    24.041630560342615,
    24.166091947189145,
    24.698178070456937,
    66.068146636635717,
    64.381674411279491,
    22.203603311174518,
    20.591260281974,
    17.088007490635061,
    7.0710678118654755,
    5.0,
    5.0,
    5.0,
    4.1231056256176606,
    3.1622776601683795,
    3.1622776601683795,
    44.407206622349037,
    46.690470119715009,
    45.453272709454048,
    67.4166151627327,
    42.047592083257278,
    46.173585522460783,
    48.836461788299118,
    50.089919145472777,
    48.093658625644196,
    42.7551166528639,
    35.735136770411273,
    34.0147027033899,
    33.286633954186478,
    29.832867780352597,
    26.1725046566048,
    27.202941017470888,
    28.178005607210743,
    29.154759474226502,
    65.0,
    52.3450093132096
  ],
  [
    44.0,
    43.289721643826724,
    43.174066289845804,
    43.08131845707603,
    44.294469180700204,
    15.811388300841896,
    16.278820596099706,
    15.620499351813308,
    56.603886792339623,
    16.552945357246848,
    17.720045146669349,
    73.16419889536138,
    22.022715545545239,
    23.021728866442675,
    23.345235059857504,
    25.298221281347036,
    65.30696746902278,
    66.037867924396224,
    64.660652641308843,
    61.554853586049575,
    55.21775076911409,
    52.354560450833695,
    18.027756377319946,
    15.297058540778355,
    12.041594578792296,
    10.0,
    8.06225774829855,
    8.2462112512353212,
    6.324555320336759,
    6.7082039324993694,
    5.0,
    45.276925690687087,
    5.0,
    4.47213595499958,
    4.47213595499958,
    43.011626335213137,
    46.690470119715009,
    48.093658625644196,
    47.095647357266465,
    44.721359549995796,
    38.897300677553446,
    34.0147027033899,
    33.286633954186478,
    28.42534080710379,
    26.1725046566048,
    27.202941017470888,
    29.5296461204668,
    55.713553108736477,
    50.447993022517757,
    46.2709412050371
  ],
  [
    45.0,
    44.283179650969061,
    42.201895692018383,
    13.928388277184119,
    13.416407864998739,
    45.803929962395145,
    13.45362404707371,
    53.2634959423431,
    57.140178508646613,
    62.649820430708338,
    70.213958726167832,
    76.2954782408499,
    78.10249675906654,
    19.026297590440446,
    19.235384061671343,
    20.8806130178211,
    21.931712199461309,
    65.192024052026483,
    63.253458403473878,
    61.554853586049575,
    56.612719418872643,
    52.354560450833695,
    50.328918128646478,
    49.477267507411923,
    48.373546489791295,
    42.0,
    39.319206502675,
    39.05124837953327,
    10.770329614269007,
    10.295630140987,
    9.4339811320566032,
    8.48528137423857,
    53.2634959423431,
    8.06225774829855,
    89.470665583754325,
    48.383881613611777,
    51.788029504896208,
    52.086466572421671,
    50.089919145472777,
    45.705579528105758,
    38.897300677553446,
    37.576588456111871,
    33.286633954186478,
    29.832867780352597,
    30.4138126514911,
    30.805843601498726,
    31.76476034853718,
    61.098281481560512,
    53.600373133029585,
    48.373546489791295
  ],
  [
    44.0,
    11.045361017187261,
    10.198039027185569,
    44.944410108488462,
    46.529560496527367,
    49.4064773081425,
    52.3450093132096,
    56.080299571239813,
    61.587336360651285,
    68.4470598345904,
    77.794601355106892,
    80.4114419718985,
    13.0,
    13.0,
    13.152946437965905,
    13.601470508735444,
    61.741396161732524,
    59.363288318623319,
    58.258046654518033,
    56.586217403180434,
    52.201532544552748,
    50.119856344566671,
    48.466483264210538,
    46.324939287601879,
    46.2709412050371,
    46.0,
    43.289721643826724,
    41.231056256176608,
    40.853396431630991,
    41.182520563948,
    15.0,
    45.276925690687087,
    15.620499351813308,
    16.643316977093239,
    16.552945357246848,
    51.546095875439491,
    55.901699437494742,
    56.080299571239813,
    54.083269131959838,
    48.836461788299118,
    45.221676218380054,
    39.812058474788763,
    34.132096331752024,
    34.058772731852805,
    33.97057550292606,
    60.21627686929839,
    53.712196007983138,
    49.396356140913873,
    46.324939287601879,
    45.276925690687087
  ],
  [
    42.0,
    41.303752856126764,
    42.201895692018383,
    43.08131845707603,
    45.650848842053307,
    48.010415536631214,
    50.24937810560445,
    54.671747731346578,
    59.363288318623319,
    68.4470598345904,
    77.794601355106892,
    79.2464510246358,
    79.1580697086532,
    78.10249675906654,
    77.278716345446625,
    75.584389922787622,
    75.153176912223742,
    65.192024052026483,
    56.080299571239813,
    54.488530903301111,
    51.61395160225576,
    49.244289008980523,
    47.169905660283021,
    45.354161881794269,
    45.276925690687087,
    45.0,
    45.276925690687087,
    45.354161881794269,
    44.011362169330773,
    43.416586692184822,
    44.407206622349037,
    49.51767361255979,
    58.258046654518033,
    69.6419413859206,
    89.470665583754325,
    25.298221281347036,
    59.033888572581766,
    59.076221950967721,
    56.080299571239813,
    51.788029504896208,
    51.546095875439491,
    40.718546143004666,
    39.11521443121589,
    37.643060449437421,
    76.4198926981712,
    61.611687202997452,
    54.589376255824725,
    49.396356140913873,
    45.354161881794269,
    43.289721643826724
  ],
  [
    42.0,
    40.311288741492746,
    40.26164427839479,
    40.853396431630991,
    42.059481689626182,
    44.407206622349037,
    48.104053883222775,
    50.447993022517757,
    55.758407437802596,
    61.741396161732524,
    74.632432628181164,
    78.262379212492633,
    79.1580697086532,
    78.10249675906654,
    77.278716345446625,
    76.53757247260981,
    76.05918747922567,
    74.625732827222535,
    65.299310869258036,
    53.075418038862395,
    50.219518117958877,
    47.885279575251516,
    44.944410108488462,
    43.174066289845804,
    42.2965719651132,
    41.0,
    40.311288741492746,
    40.26164427839479,
    40.853396431630991,
    42.059481689626182,
    44.407206622349037,
    49.51767361255979,
    58.258046654518033,
    68.264192663504048,
    84.095184166514557,
    49.33558553417604,
    53.9351462406472,
    58.077534382926416,
    58.077534382926416,
    53.9351462406472,
    52.497618993626752,
    52.801515129776341,
    42.720018726587654,
    40.459856648287818,
    38.2099463490856,
    92.417530804496181,
    69.354163537598808,
    55.713553108736477,
    49.477267507411923,
    44.283179650969061
  ],
  [
    43.0,
    40.311288741492746,
    40.26164427839479,
    40.853396431630991,
    41.182520563948,
    43.011626335213137,
    46.690470119715009,
    50.447993022517757,
    54.378304497290095,
    58.600341295934449,
    67.357256476195644,
    77.278716345446625,
    78.10249675906654,
    77.103826104804938,
    75.312681535050928,
    74.632432628181164,
    73.824115301167,
    73.246160308919954,
    64.660652641308843,
    56.586217403180434,
    50.219518117958877,
    46.529560496527367,
    44.011362169330773,
    41.231056256176608,
    39.319206502675,
    38.0,
    37.215588131856791,
    38.078865529319543,
    39.560080889704963,
    41.182520563948,
    43.011626335213137,
    48.104053883222775,
    53.2634959423431,
    63.812224534175265,
    77.388629655783419,
    43.011626335213137,
    48.836461788299118,
    54.083269131959838,
    55.081757415681643,
    53.9351462406472,
    48.383881613611777,
    50.566787519082126,
    50.774009099144415,
    40.459856648287818,
    38.2099463490856,
    35.805027579936315,
    75.17978451685,
    60.166435825965294,
    50.447993022517757,
    45.276925690687087
  ],
  [
    42.0,
    40.311288741492746,
    39.05124837953327,
    40.853396431630991,
    41.182520563948,
    43.011626335213137,
    46.690470119715009,
    50.447993022517757,
    53.0,
    58.600341295934449,
    68.308125431752259,
    77.278716345446625,
    79.1580697086532,
    78.10249675906654,
    76.2954782408499,
    75.584389922787622,
    75.153176912223742,
    74.625732827222535,
    65.299310869258036,
    53.075418038862395,
    50.219518117958877,
    47.885279575251516,
    44.944410108488462,
    42.201895692018383,
    40.311288741492746,
    39.0,
    38.2099463490856,
    39.05124837953327,
    40.853396431630991,
    42.059481689626182,
    44.407206622349037,
    49.51767361255979,
    54.671747731346578,
    65.192024052026483,
    79.624116949577527,
    45.221676218380054,
    50.803543183522152,
    56.080299571239813,
    56.080299571239813,
    53.9351462406472,
    49.33558553417604,
    51.894122981316485,
    48.548944375753422,
    40.459856648287818,
    38.2099463490856,
    35.805027579936315,
    71.589105316381762,
    57.9396237474839,
    49.477267507411923,
    44.283179650969061
  ],
  [
    43.0,
    40.311288741492746,
    40.26164427839479,
    40.853396431630991,
    42.059481689626182,
    44.407206622349037,
    46.690470119715009,
    50.447993022517757,
    54.378304497290095,
    60.415229867972862,
    69.260378283691168,
    78.262379212492633,
    79.1580697086532,
    78.10249675906654,
    76.2954782408499,
    75.584389922787622,
    75.153176912223742,
    73.246160308919954,
    64.660652641308843,
    53.075418038862395,
    49.4064773081425,
    47.885279575251516,
    44.011362169330773,
    41.231056256176608,
    40.311288741492746,
    39.0,
    38.2099463490856,
    38.078865529319543,
    39.560080889704963,
    41.182520563948,
    43.011626335213137,
    48.104053883222775,
    54.671747731346578,
    63.812224534175265,
    79.624116949577527,
    45.221676218380054,
    49.8196748283246,
    56.080299571239813,
    56.080299571239813,
    54.918120870983927,
    49.33558553417604,
    51.894122981316485,
    50.774009099144415,
    41.231056256176608,
    38.2099463490856,
    35.805027579936315,
    71.589105316381762,
    57.9396237474839,
    50.447993022517757,
    45.276925690687087
  ],
  [
    39.0,
    39.319206502675,
    40.26164427839479,
    40.853396431630991,
    43.416586692184822,
    46.61544808322666,
    50.24937810560445,
    54.671747731346578,
    61.587336360651285,
    72.917761896536561,
    79.6994353806851,
    78.262379212492633,
    75.1065909225016,
    73.109506905736964,
    70.213958726167832,
    69.260378283691168,
    67.119296778199342,
    63.812224534175265,
    54.671747731346578,
    48.104053883222775,
    45.803929962395145,
    44.294469180700204,
    43.08131845707603,
    41.231056256176608,
    40.311288741492746,
    40.0,
    40.311288741492746,
    41.231056256176608,
    40.853396431630991,
    46.529560496527367,
    53.009433122794285,
    60.141499815019579,
    72.47068372797375,
    87.664131775772461,
    51.894122981316485,
    55.659680200302986,
    58.051701094799967,
    57.078892771321343,
    52.086466572421671,
    54.918120870983927,
    51.546095875439491,
    44.283179650969061,
    39.11521443121589,
    36.235341863986875,
    79.2464510246358,
    60.21627686929839,
    52.354560450833695,
    46.238512086787566,
    42.201895692018383,
    40.311288741492746
  ],
  [
    39.0,
    39.319206502675,
    40.26164427839479,
    40.853396431630991,
    43.416586692184822,
    45.803929962395145,
    49.51767361255979,
    53.2634959423431,
    60.207972893961475,
    70.682388188289167,
    79.6994353806851,
    78.262379212492633,
    76.105190361761785,
    73.109506905736964,
    71.196910045310247,
    69.260378283691168,
    68.4470598345904,
    63.812224534175265,
    54.671747731346578,
    49.51767361255979,
    46.61544808322666,
    45.650848842053307,
    43.08131845707603,
    41.231056256176608,
    40.311288741492746,
    40.0,
    40.311288741492746,
    41.231056256176608,
    41.785164831552358,
    45.650848842053307,
    51.61395160225576,
    60.141499815019579,
    70.292247083159893,
    85.440037453175307,
    50.566787519082126,
    54.405882034941776,
    58.051701094799967,
    57.078892771321343,
    51.088159097779204,
    53.9351462406472,
    53.450912059571067,
    44.283179650969061,
    39.962482405376171,
    37.643060449437421,
    83.486525858967212,
    64.404968752418469,
    52.354560450833695,
    46.238512086787566,
    42.201895692018383,
    40.311288741492746
  ],
  [
    39.0,
    39.319206502675,
    40.26164427839479,
    40.853396431630991,
    43.416586692184822,
    46.61544808322666,
    50.24937810560445,
    54.671747731346578,
    61.587336360651285,
    72.917761896536561,
    79.6994353806851,
    79.2464510246358,
    76.105190361761785,
    74.108029254595621,
    71.196910045310247,
    70.213958726167832,
    68.4470598345904,
    63.812224534175265,
    54.671747731346578,
    49.51767361255979,
    46.61544808322666,
    44.294469180700204,
    43.08131845707603,
    41.231056256176608,
    40.311288741492746,
    40.0,
    39.319206502675,
    40.26164427839479,
    41.785164831552358,
    44.294469180700204,
    51.61395160225576,
    58.728187440104094,
    70.292247083159893,
    85.440037453175307,
    50.566787519082126,
    54.405882034941776,
    58.051701094799967,
    57.078892771321343,
    51.088159097779204,
    53.9351462406472,
    54.405882034941776,
    44.283179650969061,
    41.340053217188775,
    37.643060449437421,
    84.8999411071645,
    64.404968752418469,
    53.712196007983138,
    47.169905660283021,
    43.174066289845804,
    40.311288741492746
  ],
  [
    41.0,
    41.303752856126764,
    41.231056256176608,
    43.08131845707603,
    44.294469180700204,
    11.401754250991379,
    10.63014581273465,
    56.080299571239813,
    63.812224534175265,
    72.917761896536561,
    85.07055894961546,
    86.49277426467485,
    83.150466023949619,
    81.154174261093928,
    79.2464510246358,
    77.794601355106892,
    71.589105316381762,
    63.812224534175265,
    53.2634959423431,
    48.104053883222775,
    43.011626335213137,
    38.470768123342687,
    36.400549446402593,
    33.955853692699293,
    32.2490309931942,
    42.0,
    42.2965719651132,
    43.174066289845804,
    46.238512086787566,
    50.119856344566671,
    54.405882034941776,
    61.554853586049575,
    72.47068372797375,
    89.044932477934978,
    38.483762809787713,
    48.383881613611777,
    53.9351462406472,
    56.080299571239813,
    56.080299571239813,
    50.803543183522152,
    50.289163842720633,
    52.801515129776341,
    52.153619241621193,
    42.638011210655684,
    39.6232255123179,
    82.419657849326214,
    63.529520697074361,
    53.488316481265329,
    46.324939287601879,
    43.289721643826724
  ],
  [
    42.0,
    41.303752856126764,
    42.201895692018383,
    44.011362169330773,
    45.650848842053307,
    13.601470508735444,
    53.075418038862395,
    58.258046654518033,
    65.192024052026483,
    75.153176912223742,
    87.281154896117187,
    88.459030064770658,
    85.14693182963201,
    82.152297594163485,
    80.4114419718985,
    77.794601355106892,
    70.682388188289167,
    61.587336360651285,
    51.855568649856693,
    46.690470119715009,
    42.201895692018383,
    37.589892258425,
    34.176014981270121,
    32.015621187164243,
    31.256999216175569,
    42.0,
    42.2965719651132,
    43.174066289845804,
    46.238512086787566,
    50.119856344566671,
    54.405882034941776,
    61.554853586049575,
    72.47068372797375,
    87.664131775772461,
    37.576588456111871,
    45.221676218380054,
    52.773099207835045,
    56.080299571239813,
    55.081757415681643,
    52.773099207835045,
    48.383881613611777,
    51.894122981316485,
    53.0,
    46.861498055439924,
    42.449970553582247,
    83.815273071201048,
    67.119296778199342,
    54.78138369920935,
    47.296934361541872,
    44.283179650969061
  ],
  [
    42.0,
    41.303752856126764,
    42.201895692018383,
    43.08131845707603,
    45.650848842053307,
    48.010415536631214,
    52.3450093132096,
    56.850681614207581,
    63.812224534175265,
    73.824115301167,
    87.281154896117187,
    87.475710914516156,
    84.1486779456457,
    81.154174261093928,
    80.4114419718985,
    76.53757247260981,
    70.682388188289167,
    61.587336360651285,
    53.2634959423431,
    48.104053883222775,
    43.011626335213137,
    38.470768123342687,
    36.400549446402593,
    33.955853692699293,
    32.2490309931942,
    42.0,
    42.2965719651132,
    43.174066289845804,
    46.238512086787566,
    50.119856344566671,
    54.405882034941776,
    61.554853586049575,
    72.47068372797375,
    87.664131775772461,
    37.576588456111871,
    46.173585522460783,
    53.9351462406472,
    57.078892771321343,
    56.080299571239813,
    52.773099207835045,
    50.289163842720633,
    54.12947441089743,
    53.0,
    44.045431091090478,
    41.036569057366385,
    83.815273071201048,
    66.241980646716783,
    53.488316481265329,
    47.296934361541872,
    43.289721643826724
  ],
  [
    42.0,
    41.303752856126764,
    42.201895692018383,
    43.08131845707603,
    44.294469180700204,
    48.010415536631214,
    52.3450093132096,
    56.080299571239813,
    63.812224534175265,
    72.917761896536561,
    86.023252670426274,
    86.49277426467485,
    84.1486779456457,
    81.154174261093928,
    79.2464510246358,
    76.53757247260981,
    72.917761896536561,
    63.812224534175265,
    53.2634959423431,
    49.51767361255979,
    44.407206622349037,
    39.824615503479755,
    36.400549446402593,
    33.955853692699293,
    32.2490309931942,
    42.0,
    42.2965719651132,
    43.174066289845804,
    46.238512086787566,
    49.244289008980523,
    53.009433122794285,
    60.141499815019579,
    70.292247083159893,
    85.440037453175307,
    37.576588456111871,
    46.173585522460783,
    53.9351462406472,
    57.078892771321343,
    56.080299571239813,
    52.773099207835045,
    50.289163842720633,
    54.12947441089743,
    53.0,
    44.045431091090478,
    41.036569057366385,
    82.419657849326214,
    64.884512790033341,
    53.488316481265329,
    47.296934361541872,
    43.289721643826724
  ],
  [
    42.0,
    41.303752856126764,
    42.201895692018383,
    43.08131845707603,
    44.294469180700204,
    12.206555615733702,
    50.24937810560445,
    54.671747731346578,
    61.587336360651285,
    70.682388188289167,
    82.861329943466387,
    86.49277426467485,
    84.1486779456457,
    82.152297594163485,
    80.4114419718985,
    77.794601355106892,
    75.153176912223742,
    65.192024052026483,
    56.080299571239813,
    49.51767361255979,
    44.407206622349037,
    39.824615503479755,
    37.336309405188942,
    34.928498393145958,
    33.241540277189323,
    42.0,
    41.303752856126764,
    42.201895692018383,
    44.944410108488462,
    47.885279575251516,
    51.61395160225576,
    57.3149195236284,
    65.299310869258036,
    80.454956342042721,
    35.341194094144583,
    42.059481689626182,
    51.788029504896208,
    56.080299571239813,
    56.080299571239813,
    53.9351462406472,
    47.127486671792717,
    51.894122981316485,
    53.0,
    46.861498055439924,
    42.449970553582247,
    82.419657849326214,
    64.884512790033341,
    53.488316481265329,
    47.296934361541872,
    43.289721643826724
  ],
  [
    42.0,
    40.311288741492746,
    41.231056256176608,
    41.785164831552358,
    43.416586692184822,
    45.803929962395145,
    11.313708498984761,
    53.2634959423431,
    59.363288318623319,
    67.119296778199342,
    79.6994353806851,
    87.475710914516156,
    85.14693182963201,
    83.150466023949619,
    81.394102980498531,
    80.956778592036386,
    78.294316524253531,
    67.4166151627327,
    59.665735560705194,
    52.3450093132096,
    46.61544808322666,
    42.059481689626182,
    38.626415831655933,
    36.138621999185304,
    34.23448553724738,
    43.0,
    42.2965719651132,
    43.174066289845804,
    44.944410108488462,
    47.885279575251516,
    51.61395160225576,
    56.586217403180434,
    64.660652641308843,
    78.230428862431779,
    36.249137920783717,
    43.011626335213137,
    50.803543183522152,
    56.080299571239813,
    56.080299571239813,
    53.9351462406472,
    47.127486671792717,
    50.566787519082126,
    52.153619241621193,
    48.270073544588683,
    41.036569057366385,
    87.418533504057365,
    69.354163537598808,
    55.713553108736477,
    49.477267507411923,
    44.283179650969061
  ],
  [
    42.0,
    41.303752856126764,
    41.231056256176608,
    43.08131845707603,
    43.416586692184822,
    46.61544808322666,
    10.63014581273465,
    53.2634959423431,
    59.363288318623319,
    66.2117814289874,
    79.6994353806851,
    86.49277426467485,
    85.14693182963201,
    83.150466023949619,
    81.394102980498531,
    79.6994353806851,
    77.388629655783419,
    67.4166151627327,
    59.665735560705194,
    52.3450093132096,
    46.61544808322666,
    42.059481689626182,
    38.626415831655933,
    37.107950630558946,
    35.227829907617071,
    42.0,
    42.2965719651132,
    42.201895692018383,
    44.011362169330773,
    46.529560496527367,
    50.219518117958877,
    56.586217403180434,
    64.660652641308843,
    78.230428862431779,
    37.576588456111871,
    43.965895873961216,
    51.788029504896208,
    56.080299571239813,
    56.080299571239813,
    53.9351462406472,
    47.127486671792717,
    51.894122981316485,
    52.153619241621193,
    46.861498055439924,
    41.036569057366385,
    87.418533504057365,
    69.354163537598808,
    55.713553108736477,
    49.477267507411923,
    44.283179650969061
  ],
  [
    42.0,
    40.311288741492746,
    41.231056256176608,
    41.785164831552358,
    43.416586692184822,
    45.803929962395145,
    11.313708498984761,
    10.63014581273465,
    59.363288318623319,
    66.2117814289874,
    79.6994353806851,
    86.49277426467485,
    85.14693182963201,
    83.150466023949619,
    81.394102980498531,
    79.6994353806851,
    77.388629655783419,
    67.4166151627327,
    59.665735560705194,
    52.3450093132096,
    46.61544808322666,
    42.059481689626182,
    39.560080889704963,
    37.107950630558946,
    35.227829907617071,
    43.0,
    42.2965719651132,
    42.201895692018383,
    44.944410108488462,
    46.529560496527367,
    50.219518117958877,
    56.586217403180434,
    64.660652641308843,
    78.230428862431779,
    37.576588456111871,
    45.221676218380054,
    51.788029504896208,
    56.080299571239813,
    56.080299571239813,
    53.9351462406472,
    47.127486671792717,
    50.566787519082126,
    52.153619241621193,
    45.453272709454048,
    39.6232255123179,
    37.20215047547655,
    67.119296778199342,
    54.78138369920935,
    48.507731342539614,
    44.283179650969061
  ],
  [
    42.0,
    41.303752856126764,
    41.231056256176608,
    43.08131845707603,
    43.416586692184822,
    46.61544808322666,
    11.313708498984761,
    10.63014581273465,
    59.363288318623319,
    67.119296778199342,
    79.6994353806851,
    86.49277426467485,
    85.14693182963201,
    83.150466023949619,
    81.394102980498531,
    79.6994353806851,
    77.388629655783419,
    67.4166151627327,
    59.665735560705194,
    52.3450093132096,
    46.61544808322666,
    42.059481689626182,
    39.560080889704963,
    37.107950630558946,
    35.227829907617071,
    43.0,
    42.2965719651132,
    42.201895692018383,
    44.011362169330773,
    46.529560496527367,
    50.219518117958877,
    56.586217403180434,
    64.660652641308843,
    76.8505042273634,
    37.576588456111871,
    45.221676218380054,
    51.788029504896208,
    56.080299571239813,
    56.080299571239813,
    53.9351462406472,
    47.127486671792717,
    50.566787519082126,
    52.153619241621193,
    45.453272709454048,
    40.311288741492746,
    37.20215047547655,
    68.47627326307996,
    55.713553108736477,
    49.477267507411923,
    44.283179650969061
  ],
  [
    43.0,
    41.303752856126764,
    42.201895692018383,
    43.08131845707603,
    44.294469180700204,
    46.61544808322666,
    13.45362404707371,
    54.671747731346578,
    59.363288318623319,
    66.2117814289874,
    78.746428490440124,
    86.49277426467485,
    85.14693182963201,
    83.150466023949619,
    81.394102980498531,
    80.956778592036386,
    78.294316524253531,
    69.6419413859206,
    59.665735560705194,
    52.3450093132096,
    46.61544808322666,
    42.059481689626182,
    38.626415831655933,
    36.138621999185304,
    34.23448553724738,
    42.0,
    42.2965719651132,
    42.201895692018383,
    44.011362169330773,
    46.529560496527367,
    50.219518117958877,
    54.488530903301111,
    62.481997407253232,
    74.625732827222535,
    36.249137920783717,
    42.059481689626182,
    50.803543183522152,
    55.081757415681643,
    56.080299571239813,
    53.9351462406472,
    46.173585522460783,
    50.566787519082126,
    52.153619241621193,
    48.270073544588683,
    41.036569057366385,
    38.013155617496423,
    69.354163537598808,
    57.9396237474839,
    50.447993022517757,
    45.276925690687087
  ],
  [
    41.0,
    40.311288741492746,
    41.231056256176608,
    41.785164831552358,
    44.294469180700204,
    46.61544808322666,
    50.24937810560445,
    54.671747731346578,
    61.587336360651285,
    70.682388188289167,
    84.118963379252364,
    84.344531535838172,
    82.152297594163485,
    80.156097709406993,
    78.262379212492633,
    75.584389922787622,
    73.824115301167,
    63.812224534175265,
    56.080299571239813,
    49.51767361255979,
    45.803929962395145,
    42.059481689626182,
    38.626415831655933,
    37.107950630558946,
    36.221540552549669,
    35.0,
    42.2965719651132,
    43.174066289845804,
    44.944410108488462,
    49.244289008980523,
    53.009433122794285,
    58.728187440104094,
    68.8839603971781,
    82.680106434377549,
    41.6293165929973,
    50.289163842720633,
    54.918120870983927,
    56.080299571239813,
    55.081757415681643,
    47.675989764240867,
    51.546095875439491,
    51.894122981316485,
    44.10215414239989,
    40.459856648287818,
    37.483329627982627,
    71.61005515987263,
    58.180752831155424,
    50.328918128646478,
    45.354161881794269,
    42.2965719651132
  ],
  [
    40.0,
    39.319206502675,
    40.26164427839479,
    40.853396431630991,
    43.416586692184822,
    46.61544808322666,
    49.51767361255979,
    53.2634959423431,
    61.587336360651285,
    70.682388188289167,
    81.9084855189009,
    80.4114419718985,
    77.103826104804938,
    75.1065909225016,
    72.180329730474355,
    70.213958726167832,
    68.4470598345904,
    62.433965115151864,
    56.080299571239813,
    49.51767361255979,
    45.803929962395145,
    42.059481689626182,
    38.626415831655933,
    37.107950630558946,
    35.227829907617071,
    35.0,
    34.23448553724738,
    41.231056256176608,
    43.08131845707603,
    46.529560496527367,
    50.219518117958877,
    56.586217403180434,
    65.299310869258036,
    78.230428862431779,
    42.047592083257278,
    48.383881613611777,
    53.9351462406472,
    55.081757415681643,
    54.083269131959838,
    48.836461788299118,
    51.546095875439491,
    52.801515129776341,
    42.720018726587654,
    40.459856648287818,
    37.483329627982627,
    67.424031324150292,
    55.470712993434653,
    48.466483264210538,
    43.174066289845804,
    41.303752856126764
  ],
  [
    39.0,
    38.2099463490856,
    39.05124837953327,
    39.560080889704963,
    41.182520563948,
    44.407206622349037,
    48.104053883222775,
    51.855568649856693,
    57.140178508646613,
    65.30696746902278,
    77.794601355106892,
    79.2464510246358,
    76.105190361761785,
    73.109506905736964,
    71.196910045310247,
    69.260378283691168,
    67.119296778199342,
    65.192024052026483,
    58.258046654518033,
    52.3450093132096,
    46.61544808322666,
    43.416586692184822,
    40.853396431630991,
    38.078865529319543,
    36.221540552549669,
    36.0,
    35.227829907617071,
    41.231056256176608,
    43.08131845707603,
    45.650848842053307,
    49.4064773081425,
    54.488530903301111,
    62.481997407253232,
    74.625732827222535,
    42.047592083257278,
    46.173585522460783,
    53.9351462406472,
    55.081757415681643,
    55.081757415681643,
    49.8196748283246,
    51.546095875439491,
    52.801515129776341,
    44.10215414239989,
    40.459856648287818,
    37.483329627982627,
    71.61005515987263,
    55.470712993434653,
    49.396356140913873,
    43.174066289845804,
    40.311288741492746
  ],
  [
    39.0,
    38.2099463490856,
    38.078865529319543,
    39.560080889704963,
    41.182520563948,
    43.011626335213137,
    46.690470119715009,
    50.447993022517757,
    55.758407437802596,
    63.071388124885914,
    74.632432628181164,
    77.278716345446625,
    75.1065909225016,
    73.109506905736964,
    70.213958726167832,
    68.308125431752259,
    67.119296778199342,
    65.192024052026483,
    59.665735560705194,
    53.075418038862395,
    48.010415536631214,
    44.294469180700204,
    41.785164831552358,
    39.05124837953327,
    37.215588131856791,
    36.0,
    35.227829907617071,
    40.26164427839479,
    41.785164831552358,
    43.416586692184822,
    48.010415536631214,
    52.3450093132096,
    59.665735560705194,
    69.6419413859206,
    41.6293165929973,
    45.221676218380054,
    50.803543183522152,
    54.083269131959838,
    54.083269131959838,
    49.8196748283246,
    50.289163842720633,
    51.894122981316485,
    46.324939287601879,
    40.459856648287818,
    37.483329627982627,
    76.609398901179219,
    59.0592922409336,
    50.328918128646478,
    44.384682042344295,
    41.303752856126764
  ],
  [
    39.0,
    38.2099463490856,
    38.078865529319543,
    39.560080889704963,
    41.182520563948,
    43.011626335213137,
    46.690470119715009,
    50.447993022517757,
    55.758407437802596,
    63.071388124885914,
    74.632432628181164,
    78.262379212492633,
    75.1065909225016,
    74.108029254595621,
    71.196910045310247,
    69.260378283691168,
    68.4470598345904,
    67.4166151627327,
    59.665735560705194,
    54.488530903301111,
    48.010415536631214,
    44.294469180700204,
    41.785164831552358,
    39.05124837953327,
    37.215588131856791,
    37.0,
    36.221540552549669,
    40.26164427839479,
    41.785164831552358,
    44.294469180700204,
    48.010415536631214,
    53.075418038862395,
    59.665735560705194,
    70.178344238091,
    42.047592083257278,
    45.221676218380054,
    51.788029504896208,
    55.081757415681643,
    54.083269131959838,
    49.8196748283246,
    50.289163842720633,
    52.801515129776341,
    46.324939287601879,
    40.459856648287818,
    37.483329627982627,
    77.420927403383644,
    60.415229867972862,
    50.328918128646478,
    44.384682042344295,
    41.303752856126764
  ],
  [
    40.0,
    39.319206502675,
    39.05124837953327,
    40.853396431630991,
    41.182520563948,
    44.407206622349037,
    48.104053883222775,
    50.447993022517757,
    55.758407437802596,
    63.071388124885914,
    76.53757247260981,
    78.262379212492633,
    76.105190361761785,
    73.109506905736964,
    71.196910045310247,
    69.260378283691168,
    67.119296778199342,
    66.037867924396224,
    59.665735560705194,
    53.075418038862395,
    48.010415536631214,
    44.294469180700204,
    40.853396431630991,
    38.078865529319543,
    36.221540552549669,
    36.0,
    35.227829907617071,
    39.05124837953327,
    40.853396431630991,
    43.416586692184822,
    46.61544808322666,
    52.3450093132096,
    58.258046654518033,
    69.6419413859206,
    41.6293165929973,
    45.221676218380054,
    50.803543183522152,
    55.081757415681643,
    54.083269131959838,
    51.788029504896208,
    50.289163842720633,
    52.801515129776341,
    48.548944375753422,
    42.638011210655684,
    38.2099463490856,
    80.2122185206219,
    62.649820430708338,
    52.55473337388365,
    46.324939287601879,
    42.2965719651132
  ],
  [
    40.0,
    39.319206502675,
    39.05124837953327,
    40.853396431630991,
    41.182520563948,
    44.407206622349037,
    48.104053883222775,
    50.447993022517757,
    55.758407437802596,
    63.071388124885914,
    76.53757247260981,
    78.262379212492633,
    75.1065909225016,
    73.109506905736964,
    70.213958726167832,
    69.260378283691168,
    67.119296778199342,
    65.192024052026483,
    59.665735560705194,
    53.075418038862395,
    48.010415536631214,
    43.416586692184822,
    40.853396431630991,
    38.078865529319543,
    36.221540552549669,
    36.0,
    35.227829907617071,
    39.05124837953327,
    40.853396431630991,
    43.416586692184822,
    46.61544808322666,
    52.3450093132096,
    58.258046654518033,
    69.6419413859206,
    41.6293165929973,
    45.221676218380054,
    49.8196748283246,
    54.083269131959838,
    54.083269131959838,
    51.788029504896208,
    50.289163842720633,
    52.801515129776341,
    48.548944375753422,
    42.638011210655684,
    38.2099463490856,
    80.2122185206219,
    62.649820430708338,
    52.55473337388365,
    46.324939287601879,
    42.2965719651132
  ],
  [
    40.0,
    38.2099463490856,
    39.05124837953327,
    39.560080889704963,
    41.182520563948,
    43.011626335213137,
    46.690470119715009,
    50.447993022517757,
    55.758407437802596,
    63.071388124885914,
    74.632432628181164,
    78.262379212492633,
    76.105190361761785,
    74.108029254595621,
    71.196910045310247,
    69.260378283691168,
    68.4470598345904,
    66.037867924396224,
    60.440052945046304,
    54.488530903301111,
    48.010415536631214,
    44.294469180700204,
    41.785164831552358,
    39.05124837953327,
    37.215588131856791,
    36.0,
    36.221540552549669,
    40.26164427839479,
    41.785164831552358,
    43.416586692184822,
    48.010415536631214,
    52.3450093132096,
    59.665735560705194,
    69.6419413859206,
    83.6719785830358,
    45.221676218380054,
    50.803543183522152,
    55.081757415681643,
    54.083269131959838,
    50.803543183522152,
    50.289163842720633,
    52.801515129776341,
    48.548944375753422,
    40.459856648287818,
    37.483329627982627,
    79.404030124421269,
    61.294371682887821,
    51.623637996561229,
    45.354161881794269,
    41.303752856126764
  ],
  [
    40.0,
    38.2099463490856,
    39.05124837953327,
    39.560080889704963,
    41.182520563948,
    43.011626335213137,
    46.690470119715009,
    50.447993022517757,
    55.758407437802596,
    63.071388124885914,
    74.632432628181164,
    78.262379212492633,
    75.1065909225016,
    73.109506905736964,
    70.213958726167832,
    69.260378283691168,
    67.119296778199342,
    66.037867924396224,
    59.665735560705194,
    53.075418038862395,
    48.010415536631214,
    44.294469180700204,
    41.785164831552358,
    39.05124837953327,
    36.221540552549669,
    36.0,
    35.227829907617071,
    39.05124837953327,
    40.853396431630991,
    42.059481689626182,
    46.61544808322666,
    52.3450093132096,
    58.258046654518033,
    69.6419413859206,
    41.6293165929973,
    45.221676218380054,
    49.8196748283246,
    54.083269131959838,
    54.083269131959838,
    50.803543183522152,
    49.33558553417604,
    51.894122981316485,
    48.548944375753422,
    40.459856648287818,
    37.483329627982627,
    80.2122185206219,
    61.294371682887821,
    52.55473337388365,
    45.354161881794269,
    41.303752856126764
  ]
]