[
  [
    44.0,
    44.283179650969061,
    45.354161881794269,
    46.238512086787566,
    49.244289008980523,
    51.61395160225576,
    54.488530903301111,
    58.258046654518033,
    63.812224534175265,
    72.917761896536561,
    80.956778592036386,
    81.394102980498531,
    81.154174261093928,
    82.152297594163485,
    81.394102980498531,
    80.956778592036386,
    68.4470598345904,
    52.153619241621193,
    46.861498055439924,
    45.276925690687087,
    43.011626335213137,
    41.182520563948,
    40.853396431630991,
    40.26164427839479,
    40.311288741492746,
    41.0,
    42.2965719651132,
    43.174066289845804,
    46.238512086787566,
    45.650848842053307,
    45.803929962395145,
    45.276925690687087,
    58.258046654518033,
    72.401657439591816,
    91.706052144883,
    50.289163842720633,
    49.8196748283246,
    63.126856408346519,
    103.1746092796091,
    85.5102333057278,
    58.821764679410968,
    54.12947441089743,
    48.548944375753422,
    43.278170016764804,
    43.863424398922618,
    45.803929962395145,
    46.529560496527367,
    46.238512086787566,
    45.354161881794269,
    45.276925690687087
  ],
  [
    45.0,
    44.283179650969061,
    45.354161881794269,
    47.169905660283021,
    49.244289008980523,
    51.61395160225576,
    54.488530903301111,
    59.665735560705194,
    65.192024052026483,
    75.153176912223742,
    80.956778592036386,
    81.394102980498531,
    81.154174261093928,
    81.154174261093928,
    81.394102980498531,
    80.956778592036386,
    65.30696746902278,
    50.774009099144415,
    46.227697325304881,
    43.863424398922618,
    42.201895692018383,
    41.182520563948,
    39.560080889704963,
    39.05124837953327,
    39.319206502675,
    40.0,
    41.303752856126764,
    42.201895692018383,
    44.944410108488462,
    45.650848842053307,
    44.407206622349037,
    45.276925690687087,
    56.080299571239813,
    72.401657439591816,
    89.470665583754325,
    49.33558553417604,
    49.8196748283246,
    63.126856408346519,
    101.17806086301516,
    85.5102333057278,
    58.821764679410968,
    55.036351623268054,
    48.548944375753422,
    43.278170016764804,
    45.276925690687087,
    45.803929962395145,
    46.529560496527367,
    47.169905660283021,
    46.324939287601879,
    45.276925690687087
  ],
  [
    44.0,
    44.283179650969061,
    45.354161881794269,
    47.169905660283021,
    49.244289008980523,
    51.61395160225576,
    54.488530903301111,
    58.258046654518033,
    65.192024052026483,
    75.153176912223742,
    80.956778592036386,
    81.394102980498531,
    81.154174261093928,
    82.152297594163485,
    81.394102980498531,
    80.956778592036386,
    65.30696746902278,
    52.153619241621193,
    46.861498055439924,
    43.863424398922618,
    42.201895692018383,
    41.182520563948,
    40.853396431630991,
    39.05124837953327,
    39.319206502675,
    41.0,
    42.2965719651132,
    43.174066289845804,
    44.944410108488462,
    45.650848842053307,
    45.803929962395145,
    46.690470119715009,
    58.258046654518033,
    74.625732827222535,
    90.376988221560026,
    50.289163842720633,
    49.8196748283246,
    66.121101019266163,
    104.17293314484334,
    80.4114419718985,
    58.821764679410968,
    54.12947441089743,
    48.548944375753422,
    42.638011210655684,
    43.863424398922618,
    45.803929962395145,
    46.529560496527367,
    46.238512086787566,
    45.354161881794269,
    45.276925690687087
  ],
  [
    45.0,
    45.276925690687087,
    46.324939287601879,
    48.466483264210538,
    50.119856344566671,
    53.009433122794285,
    56.586217403180434,
    59.665735560705194,
    66.037867924396224,
    75.153176912223742,
    84.118963379252364,
    84.344531535838172,
    84.1486779456457,
    84.1486779456457,
    83.3606621854697,
    82.861329943466387,
    65.30696746902278,
    52.153619241621193,
    46.861498055439924,
    43.863424398922618,
    42.201895692018383,
    41.182520563948,
    39.560080889704963,
    39.05124837953327,
    40.311288741492746,
    41.0,
    41.303752856126764,
    43.174066289845804,
    44.944410108488462,
    45.650848842053307,
    45.803929962395145,
    46.690470119715009,
    58.258046654518033,
    76.8505042273634,
    96.176920308356728,
    50.289163842720633,
    49.8196748283246,
    64.1248781675256,
    108.16653826391968,
    85.5102333057278,
    58.821764679410968,
    56.36488268416781,
    49.396356140913873,
    43.278170016764804,
    45.276925690687087,
    45.803929962395145,
    47.885279575251516,
    47.169905660283021,
    46.324939287601879,
    46.2709412050371
  ],
  [
    47.0,
    46.2709412050371,
    46.324939287601879,
    48.466483264210538,
    51.478150704935004,
    54.405882034941776,
    57.3149195236284,
    61.073725938409879,
    67.4166151627327,
    77.388629655783419,
    87.281154896117187,
    87.475710914516156,
    86.145226217127089,
    86.145226217127089,
    87.475710914516156,
    86.023252670426274,
    68.4470598345904,
    53.0,
    48.270073544588683,
    46.690470119715009,
    44.407206622349037,
    43.416586692184822,
    41.785164831552358,
    40.26164427839479,
    41.303752856126764,
    42.0,
    42.2965719651132,
    44.384682042344295,
    46.238512086787566,
    45.650848842053307,
    45.803929962395145,
    46.690470119715009,
    59.665735560705194,
    76.8505042273634,
    100.64790112068906,
    49.33558553417604,
    49.8196748283246,
    64.1248781675256,
    109.16501271011697,
    85.5102333057278,
    58.821764679410968,
    55.036351623268054,
    48.548944375753422,
    44.045431091090478,
    45.276925690687087,
    45.803929962395145,
    47.885279575251516,
    48.466483264210538,
    47.296934361541872,
    47.381430961928537
  ],
  [
    47.0,
    47.381430961928537,
    47.296934361541872,
    49.396356140913873,
    52.354560450833695,
    55.21775076911409,
    58.728187440104094,
    63.253458403473878,
    69.6419413859206,
    79.624116949577527,
    85.07055894961546,
    82.37718130647589,
    81.154174261093928,
    81.154174261093928,
    82.37718130647589,
    85.07055894961546,
    70.682388188289167,
    55.758407437802596,
    50.447993022517757,
    48.104053883222775,
    45.803929962395145,
    43.416586692184822,
    41.785164831552358,
    41.231056256176608,
    41.303752856126764,
    42.0,
    42.2965719651132,
    43.174066289845804,
    43.08131845707603,
    43.416586692184822,
    42.201895692018383,
    49.51767361255979,
    61.073725938409879,
    78.230428862431779,
    100.64790112068906,
    46.173585522460783,
    46.690470119715009,
    63.126856408346519,
    107.16809226630845,
    90.609050320594349,
    55.659680200302986,
    54.12947441089743,
    48.548944375753422,
    43.278170016764804,
    41.036569057366385,
    43.011626335213137,
    45.650848842053307,
    47.169905660283021,
    47.296934361541872,
    47.381430961928537
  ],
  [
    47.0,
    47.381430961928537,
    47.296934361541872,
    49.396356140913873,
    51.478150704935004,
    55.21775076911409,
    58.728187440104094,
    63.253458403473878,
    69.6419413859206,
    79.624116949577527,
    82.861329943466387,
    80.4114419718985,
    79.1580697086532,
    79.1580697086532,
    80.4114419718985,
    82.861329943466387,
    68.4470598345904,
    55.758407437802596,
    50.447993022517757,
    48.104053883222775,
    45.803929962395145,
    43.416586692184822,
    41.785164831552358,
    42.201895692018383,
    41.303752856126764,
    42.0,
    42.2965719651132,
    43.174066289845804,
    43.08131845707603,
    42.059481689626182,
    42.201895692018383,
    50.24937810560445,
    61.073725938409879,
    80.454956342042721,
    100.64790112068906,
    45.221676218380054,
    44.721359549995796,
    66.121101019266163,
    110.16351483136329,
    80.4114419718985,
    54.405882034941776,
    54.12947441089743,
    48.548944375753422,
    43.278170016764804,
    39.6232255123179,
    42.201895692018383,
    44.294469180700204,
    46.238512086787566,
    46.324939287601879,
    46.2709412050371
  ],
  [
    46.0,
    46.2709412050371,
    46.324939287601879,
    48.466483264210538,
    51.478150704935004,
    54.405882034941776,
    58.728187440104094,
    62.481997407253232,
    69.6419413859206,
    77.388629655783419,
    85.07055894961546,
    82.37718130647589,
    81.154174261093928,
    81.154174261093928,
    82.37718130647589,
    84.118963379252364,
    58.600341295934449,
    52.153619241621193,
    48.270073544588683,
    45.276925690687087,
    42.201895692018383,
    41.182520563948,
    39.560080889704963,
    39.05124837953327,
    39.319206502675,
    39.0,
    40.311288741492746,
    41.231056256176608,
    40.853396431630991,
    39.824615503479755,
    39.408120990476064,
    45.276925690687087,
    56.080299571239813,
    74.625732827222535,
    98.412397592986224,
    43.965895873961216,
    43.737855457258078,
    63.126856408346519,
    110.16351483136329,
    80.4114419718985,
    52.497618993626752,
    51.894122981316485,
    48.548944375753422,
    43.278170016764804,
    39.6232255123179,
    40.80441152620633,
    43.416586692184822,
    46.238512086787566,
    46.324939287601879,
    46.2709412050371
  ],
  [
    46.0,
    45.276925690687087,
    46.324939287601879,
    48.466483264210538,
    50.119856344566671,
    54.405882034941776,
    57.3149195236284,
    61.073725938409879,
    67.4166151627327,
    77.388629655783419,
    85.07055894961546,
    82.37718130647589,
    81.154174261093928,
    81.154174261093928,
    82.37718130647589,
    82.861329943466387,
    68.4470598345904,
    52.153619241621193,
    48.270073544588683,
    45.276925690687087,
    43.011626335213137,
    41.182520563948,
    39.560080889704963,
    40.26164427839479,
    40.311288741492746,
    40.0,
    41.303752856126764,
    42.201895692018383,
    43.08131845707603,
    41.182520563948,
    40.80441152620633,
    45.276925690687087,
    56.080299571239813,
    74.625732827222535,
    97.082439194738,
    45.221676218380054,
    44.721359549995796,
    52.086466572421671,
    93.134311615000414,
    112.96902230257638,
    58.821764679410968,
    51.894122981316485,
    47.169905660283021,
    42.638011210655684,
    40.311288741492746,
    42.201895692018383,
    44.294469180700204,
    46.238512086787566,
    46.324939287601879,
    46.2709412050371
  ],
  [
    44.0,
    43.289721643826724,
    44.384682042344295,
    46.238512086787566,
    47.885279575251516,
    50.219518117958877,
    54.488530903301111,
    58.258046654518033,
    63.812224534175265,
    72.917761896536561,
    84.118963379252364,
    81.394102980498531,
    80.156097709406993,
    80.156097709406993,
    81.394102980498531,
    80.956778592036386,
    68.4470598345904,
    52.153619241621193,
    48.270073544588683,
    45.276925690687087,
    43.011626335213137,
    41.182520563948,
    39.560080889704963,
    39.05124837953327,
    39.319206502675,
    40.0,
    41.303752856126764,
    42.201895692018383,
    43.08131845707603,
    43.416586692184822,
    42.201895692018383,
    46.690470119715009,
    56.080299571239813,
    74.625732827222535,
    96.176920308356728,
    47.127486671792717,
    46.690470119715009,
    55.081757415681643,
    88.141930997681229,
    110.81967334368028,
    55.659680200302986,
    51.894122981316485,
    46.324939287601879,
    42.638011210655684,
    41.036569057366385,
    42.201895692018383,
    44.294469180700204,
    44.944410108488462,
    44.384682042344295,
    44.283179650969061
  ],
  [
    45.0,
    44.283179650969061,
    45.354161881794269,
    46.238512086787566,
    49.244289008980523,
    52.201532544552748,
    56.586217403180434,
    59.665735560705194,
    65.192024052026483,
    75.153176912223742,
    81.9084855189009,
    79.2464510246358,
    78.10249675906654,
    78.10249675906654,
    79.2464510246358,
    81.9084855189009,
    68.4470598345904,
    53.0,
    50.447993022517757,
    46.690470119715009,
    44.407206622349037,
    42.059481689626182,
    40.853396431630991,
    40.26164427839479,
    40.311288741492746,
    41.0,
    41.303752856126764,
    42.201895692018383,
    43.08131845707603,
    41.182520563948,
    40.80441152620633,
    45.276925690687087,
    56.080299571239813,
    72.401657439591816,
    96.176920308356728,
    45.221676218380054,
    43.737855457258078,
    47.095647357266465,
    75.1065909225016,
    110.81967334368028,
    64.195015382816138,
    51.894122981316485,
    46.324939287601879,
    42.638011210655684,
    39.6232255123179,
    40.80441152620633,
    43.416586692184822,
    44.944410108488462,
    45.354161881794269,
    45.276925690687087
  ],
  [
    45.0,
    44.283179650969061,
    45.354161881794269,
    46.238512086787566,
    49.244289008980523,
    51.61395160225576,
    56.586217403180434,
    60.440052945046304,
    65.192024052026483,
    75.153176912223742,
    80.956778592036386,
    78.262379212492633,
    77.103826104804938,
    77.103826104804938,
    78.262379212492633,
    80.956778592036386,
    70.682388188289167,
    55.758407437802596,
    51.855568649856693,
    48.104053883222775,
    45.803929962395145,
    43.416586692184822,
    41.785164831552358,
    42.201895692018383,
    41.303752856126764,
    42.0,
    42.2965719651132,
    43.174066289845804,
    43.08131845707603,
    41.182520563948,
    40.80441152620633,
    46.690470119715009,
    58.258046654518033,
    76.8505042273634,
    96.176920308356728,
    45.221676218380054,
    43.737855457258078,
    47.095647357266465,
    67.119296778199342,
    103.75451797391764,
    87.281154896117187,
    50.566787519082126,
    46.324939287601879,
    42.638011210655684,
    39.6232255123179,
    39.408120990476064,
    41.182520563948,
    44.011362169330773,
    44.384682042344295,
    44.283179650969061
  ],
  [
    44.0,
    44.283179650969061,
    44.384682042344295,
    46.238512086787566,
    47.885279575251516,
    51.61395160225576,
    55.172456896534889,
    59.665735560705194,
    65.192024052026483,
    72.917761896536561,
    79.6994353806851,
    77.278716345446625,
    76.105190361761785,
    76.105190361761785,
    77.278716345446625,
    79.6994353806851,
    70.682388188289167,
    52.153619241621193,
    48.270073544588683,
    45.276925690687087,
    43.011626335213137,
    41.182520563948,
    39.560080889704963,
    39.05124837953327,
    39.319206502675,
    39.0,
    40.311288741492746,
    41.231056256176608,
    40.853396431630991,
    39.824615503479755,
    39.408120990476064,
    46.690470119715009,
    58.258046654518033,
    76.8505042273634,
    96.176920308356728,
    42.059481689626182,
    41.593268686170845,
    47.095647357266465,
    70.114192571832419,
    104.7377677822093,
    74.632432628181164,
    49.658836071740545,
    46.324939287601879,
    42.638011210655684,
    38.2099463490856,
    38.013155617496423,
    39.824615503479755,
    41.785164831552358,
    43.174066289845804,
    43.289721643826724
  ],
  [
    44.0,
    44.283179650969061,
    44.384682042344295,
    46.238512086787566,
    49.244289008980523,
    51.61395160225576,
    56.586217403180434,
    59.665735560705194,
    65.192024052026483,
    73.824115301167,
    80.956778592036386,
    78.262379212492633,
    77.103826104804938,
    77.103826104804938,
    78.262379212492633,
    80.956778592036386,
    68.4470598345904,
    52.153619241621193,
    48.270073544588683,
    46.690470119715009,
    43.011626335213137,
    41.182520563948,
    39.560080889704963,
    40.26164427839479,
    39.319206502675,
    40.0,
    40.311288741492746,
    41.231056256176608,
    39.560080889704963,
    39.824615503479755,
    39.408120990476064,
    48.104053883222775,
    58.258046654518033,
    76.8505042273634,
    98.412397592986224,
    42.059481689626182,
    41.593268686170845,
    47.095647357266465,
    73.109506905736964,
    105.72133181151285,
    67.357256476195644,
    49.658836071740545,
    46.324939287601879,
    41.231056256176608,
    38.2099463490856,
    37.20215047547655,
    39.824615503479755,
    41.785164831552358,
    43.174066289845804,
    43.289721643826724
  ],
  [
    44.0,
    44.283179650969061,
    45.354161881794269,
    46.238512086787566,
    49.244289008980523,
    52.201532544552748,
    56.586217403180434,
    61.073725938409879,
    66.037867924396224,
    75.153176912223742,
    80.956778592036386,
    78.262379212492633,
    77.103826104804938,
    77.103826104804938,
    78.262379212492633,
    80.956778592036386,
    68.4470598345904,
    53.0,
    49.040799340956916,
    46.690470119715009,
    43.011626335213137,
    41.182520563948,
    40.853396431630991,
    40.26164427839479,
    39.319206502675,
    40.0,
    40.311288741492746,
    41.231056256176608,
    39.560080889704963,
    38.470768123342687,
    39.408120990476064,
    48.104053883222775,
    58.258046654518033,
    76.8505042273634,
    98.412397592986224,
    42.059481689626182,
    41.593268686170845,
    47.095647357266465,
    72.111025509279784,
    106.88779163215975,
    71.470273540822546,
    49.658836071740545,
    46.324939287601879,
    42.638011210655684,
    38.2099463490856,
    37.20215047547655,
    39.824615503479755,
    43.08131845707603,
    44.384682042344295,
    44.283179650969061
  ],
  [
    45.0,
    44.283179650969061,
    45.354161881794269,
    46.238512086787566,
    49.244289008980523,
    52.201532544552748,
    56.586217403180434,
    60.440052945046304,
    65.192024052026483,
    75.153176912223742,
    80.956778592036386,
    78.262379212492633,
    77.103826104804938,
    77.103826104804938,
    78.262379212492633,
    80.956778592036386,
    68.4470598345904,
    52.153619241621193,
    48.270073544588683,
    45.276925690687087,
    43.011626335213137,
    41.182520563948,
    39.560080889704963,
    40.26164427839479,
    39.319206502675,
    39.0,
    40.311288741492746,
    41.231056256176608,
    40.853396431630991,
    39.824615503479755,
    39.408120990476064,
    45.276925690687087,
    56.080299571239813,
    74.625732827222535,
    96.176920308356728,
    43.011626335213137,
    42.7551166528639,
    47.095647357266465,
    73.109506905736964,
    108.85311203635843,
    67.357256476195644,
    50.566787519082126,
    46.324939287601879,
    42.638011210655684,
    39.6232255123179,
    39.408120990476064,
    41.182520563948,
    43.08131845707603,
    44.384682042344295,
    44.283179650969061
  ],
  [
    44.0,
    44.283179650969061,
    44.384682042344295,
    46.238512086787566,
    49.244289008980523,
    51.61395160225576,
    56.586217403180434,
    60.440052945046304,
    65.192024052026483,
    75.153176912223742,
    81.9084855189009,
    79.2464510246358,
    78.10249675906654,
    78.10249675906654,
    79.2464510246358,
    81.9084855189009,
    68.4470598345904,
    54.378304497290095,
    50.447993022517757,
    46.690470119715009,
    44.407206622349037,
    42.059481689626182,
    40.853396431630991,
    40.26164427839479,
    40.311288741492746,
    40.0,
    41.303752856126764,
    41.231056256176608,
    40.853396431630991,
    39.824615503479755,
    39.408120990476064,
    45.276925690687087,
    56.080299571239813,
    70.178344238091,
    91.706052144883,
    42.059481689626182,
    41.593268686170845,
    54.083269131959838,
    88.141930997681229,
    109.83624174196785,
    55.659680200302986,
    49.658836071740545,
    44.10215414239989,
    40.459856648287818,
    38.2099463490856,
    37.20215047547655,
    39.824615503479755,
    41.785164831552358,
    43.174066289845804,
    43.289721643826724
  ],
  [
    45.0,
    45.276925690687087,
    45.354161881794269,
    47.169905660283021,
    50.119856344566671,
    53.009433122794285,
    56.586217403180434,
    61.073725938409879,
    67.4166151627327,
    75.153176912223742,
    81.9084855189009,
    79.2464510246358,
    78.10249675906654,
    78.10249675906654,
    79.2464510246358,
    81.9084855189009,
    68.4470598345904,
    53.0,
    49.040799340956916,
    46.690470119715009,
    43.011626335213137,
    41.182520563948,
    40.853396431630991,
    40.26164427839479,
    39.319206502675,
    40.0,
    40.311288741492746,
    41.231056256176608,
    40.853396431630991,
    39.824615503479755,
    39.408120990476064,
    42.449970553582247,
    51.855568649856693,
    63.812224534175265,
    84.095184166514557,
    101.83319694480774,
    42.7551166528639,
    53.084837759947987,
    94.132884795909661,
    111.80339887498948,
    55.659680200302986,
    50.566787519082126,
    46.324939287601879,
    42.638011210655684,
    39.6232255123179,
    39.408120990476064,
    41.182520563948,
    44.011362169330773,
    44.384682042344295,
    44.283179650969061
  ],
  [
    45.0,
    45.276925690687087,
    46.324939287601879,
    47.169905660283021,
    50.119856344566671,
    53.009433122794285,
    57.3149195236284,
    61.073725938409879,
    67.4166151627327,
    75.153176912223742,
    81.9084855189009,
    79.2464510246358,
    78.10249675906654,
    78.10249675906654,
    79.2464510246358,
    81.9084855189009,
    68.4470598345904,
    52.153619241621193,
    48.270073544588683,
    45.276925690687087,
    43.011626335213137,
    41.182520563948,
    39.560080889704963,
    39.05124837953327,
    39.319206502675,
    39.0,
    40.311288741492746,
    41.231056256176608,
    40.853396431630991,
    39.824615503479755,
    39.408120990476064,
    41.036569057366385,
    48.270073544588683,
    59.363288318623319,
    79.624116949577527,
    99.624294225856374,
    43.737855457258078,
    63.126856408346519,
    108.16653826391968,
    80.4114419718985,
    52.497618993626752,
    51.894122981316485,
    48.548944375753422,
    43.278170016764804,
    41.036569057366385,
    40.80441152620633,
    42.059481689626182,
    44.011362169330773,
    45.354161881794269,
    45.276925690687087
  ],
  [
    45.0,
    45.276925690687087,
    46.324939287601879,
    47.169905660283021,
    50.119856344566671,
    53.009433122794285,
    57.3149195236284,
    62.481997407253232,
    67.4166151627327,
    75.153176912223742,
    82.861329943466387,
    80.4114419718985,
    79.1580697086532,
    79.1580697086532,
    80.4114419718985,
    82.861329943466387,
    68.4470598345904,
    54.378304497290095,
    50.447993022517757,
    46.690470119715009,
    44.407206622349037,
    42.059481689626182,
    40.853396431630991,
    40.26164427839479,
    39.319206502675,
    40.0,
    40.311288741492746,
    41.231056256176608,
    40.853396431630991,
    39.824615503479755,
    39.408120990476064,
    41.036569057366385,
    50.447993022517757,
    61.587336360651285,
    79.624116949577527,
    100.88111815399351,
    41.593268686170845,
    63.126856408346519,
    108.16653826391968,
    80.4114419718985,
    51.546095875439491,
    50.566787519082126,
    47.169905660283021,
    42.638011210655684,
    39.6232255123179,
    39.408120990476064,
    41.182520563948,
    43.08131845707603,
    44.384682042344295,
    45.276925690687087
  ],
  [
    45.0,
    45.276925690687087,
    46.324939287601879,
    47.169905660283021,
    50.119856344566671,
    53.009433122794285,
    57.3149195236284,
    62.481997407253232,
    67.4166151627327,
    75.153176912223742,
    81.9084855189009,
    79.2464510246358,
    78.10249675906654,
    78.10249675906654,
    79.2464510246358,
    81.9084855189009,
    70.682388188289167,
    55.758407437802596,
    50.447993022517757,
    48.104053883222775,
    44.407206622349037,
    42.059481689626182,
    40.853396431630991,
    40.26164427839479,
    40.311288741492746,
    40.0,
    41.303752856126764,
    41.231056256176608,
    40.853396431630991,
    39.824615503479755,
    38.013155617496423,
    41.036569057366385,
    50.447993022517757,
    61.587336360651285,
    79.624116949577527,
    100.88111815399351,
    41.593268686170845,
    63.126856408346519,
    108.16653826391968,
    80.4114419718985,
    50.289163842720633,
    50.566787519082126,
    47.169905660283021,
    42.638011210655684,
    39.6232255123179,
    38.013155617496423,
    39.824615503479755,
    43.08131845707603,
    44.384682042344295,
    45.276925690687087
  ],
  [
    45.0,
    45.276925690687087,
    46.324939287601879,
    47.169905660283021,
    49.244289008980523,
    53.009433122794285,
    57.3149195236284,
    62.481997407253232,
    67.4166151627327,
    75.153176912223742,
    82.861329943466387,
    80.4114419718985,
    79.1580697086532,
    79.1580697086532,
    80.4114419718985,
    82.861329943466387,
    72.917761896536561,
    56.603886792339623,
    51.855568649856693,
    49.51767361255979,
    45.803929962395145,
    43.416586692184822,
    43.08131845707603,
    41.231056256176608,
    41.303752856126764,
    41.0,
    41.303752856126764,
    41.231056256176608,
    40.853396431630991,
    39.824615503479755,
    39.408120990476064,
    43.863424398922618,
    53.2634959423431,
    65.192024052026483,
    84.095184166514557,
    40.80441152620633,
    40.607881008493905,
    54.083269131959838,
    99.181651528899238,
    110.81967334368028,
    55.659680200302986,
    49.658836071740545,
    47.169905660283021,
    42.638011210655684,
    39.6232255123179,
    37.20215047547655,
    39.824615503479755,
    41.785164831552358,
    44.384682042344295,
    44.283179650969061
  ],
  [
    44.0,
    44.283179650969061,
    45.354161881794269,
    46.238512086787566,
    46.529560496527367,
    49.4064773081425,
    52.3450093132096,
    56.080299571239813,
    61.587336360651285,
    66.2117814289874,
    75.584389922787622,
    81.394102980498531,
    80.156097709406993,
    80.156097709406993,
    81.394102980498531,
    84.118963379252364,
    88.141930997681229,
    67.4166151627327,
    54.671747731346578,
    49.51767361255979,
    46.61544808322666,
    44.294469180700204,
    41.785164831552358,
    41.231056256176608,
    40.311288741492746,
    40.0,
    40.311288741492746,
    40.26164427839479,
    40.853396431630991,
    39.824615503479755,
    39.408120990476064,
    39.6232255123179,
    43.278170016764804,
    50.774009099144415,
    63.071388124885914,
    80.956778592036386,
    101.78899744078434,
    41.048751503547585,
    41.048751503547585,
    76.2954782408499,
    111.31936040060597,
    72.917761896536561,
    50.774009099144415,
    48.270073544588683,
    43.863424398922618,
    40.80441152620633,
    37.589892258425,
    39.560080889704963,
    42.201895692018383,
    44.283179650969061
  ],
  [
    43.0,
    43.289721643826724,
    44.384682042344295,
    44.944410108488462,
    46.529560496527367,
    48.010415536631214,
    52.3450093132096,
    54.671747731346578,
    59.363288318623319,
    65.30696746902278,
    73.375745311376562,
    80.4114419718985,
    79.1580697086532,
    79.1580697086532,
    80.4114419718985,
    82.861329943466387,
    87.235313950257549,
    76.8505042273634,
    58.258046654518033,
    52.3450093132096,
    49.4064773081425,
    46.529560496527367,
    44.011362169330773,
    42.201895692018383,
    41.303752856126764,
    41.0,
    41.303752856126764,
    41.231056256176608,
    40.853396431630991,
    39.824615503479755,
    39.408120990476064,
    39.6232255123179,
    42.638011210655684,
    50.774009099144415,
    61.741396161732524,
    75.584389922787622,
    96.6902270139025,
    40.049968789001575,
    39.05124837953327,
    62.968245965724662,
    108.15729286552988,
    86.330759292386631,
    48.548944375753422,
    48.270073544588683,
    43.863424398922618,
    40.80441152620633,
    37.589892258425,
    36.400549446402593,
    40.26164427839479,
    42.2965719651132
  ],
  [
    43.0,
    44.283179650969061,
    45.354161881794269,
    46.238512086787566,
    47.885279575251516,
    48.010415536631214,
    50.931326312987373,
    54.671747731346578,
    59.363288318623319,
    65.30696746902278,
    71.470273540822546,
    80.4114419718985,
    79.1580697086532,
    79.1580697086532,
    80.4114419718985,
    82.861329943466387,
    87.235313950257549,
    83.21658488546619,
    62.481997407253232,
    56.586217403180434,
    53.009433122794285,
    49.244289008980523,
    46.238512086787566,
    44.384682042344295,
    43.289721643826724,
    43.0,
    42.2965719651132,
    42.201895692018383,
    41.785164831552358,
    39.824615503479755,
    38.013155617496423,
    38.2099463490856,
    40.459856648287818,
    46.324939287601879,
    56.36488268416781,
    71.470273540822546,
    89.442719099991592,
    39.05124837953327,
    38.052595180880893,
    46.690470119715009,
    96.462427918853464,
    114.54256850621083,
    57.140178508646613,
    46.861498055439924,
    45.276925690687087,
    42.201895692018383,
    38.470768123342687,
    36.400549446402593,
    37.107950630558946,
    40.311288741492746
  ],
  [
    44.0,
    44.283179650969061,
    45.354161881794269,
    46.238512086787566,
    46.529560496527367,
    48.010415536631214,
    52.3450093132096,
    54.671747731346578,
    59.363288318623319,
    65.30696746902278,
    71.470273540822546,
    81.394102980498531,
    80.156097709406993,
    80.156097709406993,
    81.394102980498531,
    84.118963379252364,
    88.141930997681229,
    82.680106434377549,
    62.481997407253232,
    55.172456896534889,
    51.61395160225576,
    49.244289008980523,
    46.238512086787566,
    44.384682042344295,
    43.289721643826724,
    43.0,
    42.2965719651132,
    42.201895692018383,
    43.08131845707603,
    41.182520563948,
    39.408120990476064,
    38.2099463490856,
    40.459856648287818,
    46.324939287601879,
    56.36488268416781,
    71.470273540822546,
    90.609050320594349,
    40.049968789001575,
    39.05124837953327,
    46.690470119715009,
    99.624294225856374,
    114.96521212958292,
    55.758407437802596,
    48.270073544588683,
    45.276925690687087,
    42.201895692018383,
    38.470768123342687,
    37.336309405188942,
    39.05124837953327,
    42.2965719651132
  ],
  [
    45.0,
    27.166155414412248,
    46.324939287601879,
    46.238512086787566,
    47.885279575251516,
    50.219518117958877,
    53.075418038862395,
    58.258046654518033,
    61.587336360651285,
    67.119296778199342,
    76.53757247260981,
    79.2464510246358,
    78.10249675906654,
    78.10249675906654,
    79.2464510246358,
    81.9084855189009,
    86.330759292386631,
    70.178344238091,
    56.080299571239813,
    52.3450093132096,
    48.010415536631214,
    45.650848842053307,
    44.011362169330773,
    42.201895692018383,
    41.303752856126764,
    41.0,
    41.303752856126764,
    41.231056256176608,
    41.785164831552358,
    41.182520563948,
    39.408120990476064,
    39.6232255123179,
    42.638011210655684,
    50.774009099144415,
    63.071388124885914,
    80.956778592036386,
    102.77159140540736,
    42.047592083257278,
    41.048751503547585,
    68.066144300966542,
    112.27199116431488,
    75.153176912223742,
    50.774009099144415,
    48.270073544588683,
    43.863424398922618,
    40.80441152620633,
    38.470768123342687,
    40.853396431630991,
    43.174066289845804,
    44.283179650969061
  ],
  [
    45.0,
    45.276925690687087,
    46.324939287601879,
    46.238512086787566,
    47.885279575251516,
    49.4064773081425,
    53.075418038862395,
    56.850681614207581,
    61.587336360651285,
    67.119296778199342,
    76.53757247260981,
    80.4114419718985,
    79.1580697086532,
    79.1580697086532,
    80.4114419718985,
    82.861329943466387,
    87.235313950257549,
    70.178344238091,
    58.258046654518033,
    52.3450093132096,
    49.4064773081425,
    46.529560496527367,
    44.944410108488462,
    43.174066289845804,
    42.2965719651132,
    42.0,
    42.2965719651132,
    43.174066289845804,
    43.08131845707603,
    41.182520563948,
    40.80441152620633,
    39.6232255123179,
    43.278170016764804,
    52.153619241621193,
    63.976558206893252,
    84.118963379252364,
    103.75451797391764,
    42.047592083257278,
    40.049968789001575,
    78.262379212492633,
    113.52973178863765,
    72.917761896536561,
    50.774009099144415,
    48.270073544588683,
    43.863424398922618,
    40.80441152620633,
    38.470768123342687,
    39.560080889704963,
    42.201895692018383,
    44.283179650969061
  ],
  [
    45.0,
    45.276925690687087,
    45.354161881794269,
    46.238512086787566,
    47.885279575251516,
    49.4064773081425,
    53.075418038862395,
    56.850681614207581,
    61.587336360651285,
    67.119296778199342,
    77.794601355106892,
    81.394102980498531,
    80.156097709406993,
    80.156097709406993,
    81.394102980498531,
    84.118963379252364,
    88.141930997681229,
    70.178344238091,
    56.080299571239813,
    50.931326312987373,
    49.4064773081425,
    46.529560496527367,
    44.011362169330773,
    42.201895692018383,
    42.2965719651132,
    42.0,
    42.2965719651132,
    42.201895692018383,
    43.08131845707603,
    42.059481689626182,
    40.80441152620633,
    40.311288741492746,
    43.278170016764804,
    52.153619241621193,
    65.30696746902278,
    86.023252670426274,
    104.7377677822093,
    43.046486500061768,
    41.048751503547585,
    84.344531535838172,
    115.43396380615195,
    63.071388124885914,
    52.153619241621193,
    48.270073544588683,
    43.863424398922618,
    40.80441152620633,
    39.824615503479755,
    41.785164831552358,
    44.384682042344295,
    45.276925690687087
  ],
  [
    45.0,
    45.276925690687087,
    45.354161881794269,
    46.238512086787566,
    49.244289008980523,
    51.61395160225576,
    55.172456896534889,
    59.665735560705194,
    65.192024052026483,
    71.589105316381762,
    84.118963379252364,
    82.37718130647589,
    81.154174261093928,
    81.154174261093928,
    82.37718130647589,
    85.07055894961546,
    79.624116949577527,
    59.363288318623319,
    53.2634959423431,
    50.24937810560445,
    47.201694884823787,
    45.650848842053307,
    43.08131845707603,
    42.201895692018383,
    42.2965719651132,
    42.0,
    42.2965719651132,
    43.174066289845804,
    43.08131845707603,
    41.182520563948,
    40.80441152620633,
    41.036569057366385,
    48.270073544588683,
    59.363288318623319,
    77.388629655783419,
    100.88111815399351,
    42.7551166528639,
    41.048751503547585,
    61.073725938409879,
    111.80339887498948,
    80.956778592036386,
    51.894122981316485,
    49.396356140913873,
    45.453272709454048,
    41.036569057366385,
    39.408120990476064,
    39.824615503479755,
    43.08131845707603,
    44.384682042344295,
    45.276925690687087
  ],
  [
    46.0,
    45.276925690687087,
    46.324939287601879,
    48.466483264210538,
    51.478150704935004,
    54.405882034941776,
    58.728187440104094,
    63.253458403473878,
    69.6419413859206,
    79.624116949577527,
    82.861329943466387,
    80.4114419718985,
    79.1580697086532,
    79.1580697086532,
    80.4114419718985,
    82.861329943466387,
    63.071388124885914,
    53.0,
    48.270073544588683,
    46.690470119715009,
    44.407206622349037,
    42.059481689626182,
    40.853396431630991,
    40.26164427839479,
    40.311288741492746,
    41.0,
    41.303752856126764,
    42.201895692018383,
    41.785164831552358,
    41.182520563948,
    40.80441152620633,
    49.51767361255979,
    59.665735560705194,
    76.8505042273634,
    98.412397592986224,
    45.221676218380054,
    44.721359549995796,
    63.126856408346519,
    108.16653826391968,
    85.5102333057278,
    54.405882034941776,
    52.801515129776341,
    48.548944375753422,
    43.278170016764804,
    40.311288741492746,
    42.201895692018383,
    43.416586692184822,
    44.944410108488462,
    45.354161881794269,
    45.276925690687087
  ],
  [
    43.0,
    44.283179650969061,
    46.324939287601879,
    48.466483264210538,
    51.478150704935004,
    54.405882034941776,
    58.728187440104094,
    64.660652641308843,
    72.401657439591816,
    83.6719785830358,
    81.9084855189009,
    79.2464510246358,
    78.10249675906654,
    78.10249675906654,
    79.2464510246358,
    77.794601355106892,
    54.12947441089743,
    46.324939287601879,
    43.278170016764804,
    41.036569057366385,
    39.408120990476064,
    38.470768123342687,
    38.626415831655933,
    38.078865529319543,
    38.2099463490856,
    39.0,
    39.319206502675,
    41.231056256176608,
    41.785164831552358,
    42.059481689626182,
    49.4064773081425,
    60.141499815019579,
    75.286120898874842,
    97.097888751506844,
    18.788294228055936,
    47.127486671792717,
    60.016664352494629,
    98.183501669068619,
    106.16967551989597,
    54.918120870983927,
    55.659680200302986,
    50.566787519082126,
    43.56604182158393,
    41.231056256176608,
    43.863424398922618,
    44.407206622349037,
    44.294469180700204,
    44.011362169330773,
    43.174066289845804,
    44.283179650969061
  ],
  [
    44.0,
    45.276925690687087,
    46.324939287601879,
    49.396356140913873,
    51.478150704935004,
    55.21775076911409,
    58.728187440104094,
    65.299310869258036,
    74.625732827222535,
    84.095184166514557,
    80.956778592036386,
    78.262379212492633,
    77.103826104804938,
    77.103826104804938,
    78.262379212492633,
    71.470273540822546,
    51.894122981316485,
    46.324939287601879,
    42.638011210655684,
    40.311288741492746,
    39.408120990476064,
    37.589892258425,
    37.336309405188942,
    38.078865529319543,
    38.2099463490856,
    39.0,
    40.311288741492746,
    42.201895692018383,
    43.08131845707603,
    43.416586692184822,
    50.219518117958877,
    61.554853586049575,
    78.10249675906654,
    97.097888751506844,
    21.023796041628639,
    49.33558553417604,
    74.330343736592525,
    106.16967551989597,
    71.112586790244109,
    56.885850613311568,
    55.659680200302986,
    49.658836071740545,
    42.720018726587654,
    44.045431091090478,
    45.276925690687087,
    45.803929962395145,
    45.650848842053307,
    44.011362169330773,
    44.384682042344295,
    43.289721643826724
  ],
  [
    45.0,
    46.2709412050371,
    48.507731342539614,
    51.623637996561229,
    54.589376255824725,
    58.008620049092706,
    62.968245965724662,
    70.292247083159893,
    79.075912893876861,
    85.0,
    80.956778592036386,
    78.262379212492633,
    77.103826104804938,
    77.103826104804938,
    78.262379212492633,
    61.98386886924694,
    49.658836071740545,
    44.10215414239989,
    40.459856648287818,
    39.6232255123179,
    38.013155617496423,
    37.589892258425,
    36.400549446402593,
    36.138621999185304,
    37.215588131856791,
    38.0,
    38.2099463490856,
    40.26164427839479,
    40.853396431630991,
    46.529560496527367,
    55.21775076911409,
    68.622153857191051,
    86.683331731077345,
    100.70253224224304,
    45.188494110780013,
    48.383881613611777,
    80.4114419718985,
    103.1746092796091,
    63.126856408346519,
    54.918120870983927,
    55.659680200302986,
    49.658836071740545,
    42.720018726587654,
    44.045431091090478,
    45.276925690687087,
    45.803929962395145,
    45.650848842053307,
    44.944410108488462,
    45.354161881794269,
    45.276925690687087
  ],
  [
    45.0,
    47.381430961928537,
    49.477267507411923,
    52.55473337388365,
    55.470712993434653,
    59.405386961116584,
    64.381674411279491,
    72.47068372797375,
    82.680106434377549,
    83.6719785830358,
    79.6994353806851,
    77.278716345446625,
    76.105190361761785,
    76.105190361761785,
    77.278716345446625,
    60.728905802755904,
    46.518813398452032,
    43.56604182158393,
    40.459856648287818,
    39.6232255123179,
    38.013155617496423,
    37.589892258425,
    37.336309405188942,
    37.107950630558946,
    37.215588131856791,
    38.0,
    39.319206502675,
    41.231056256176608,
    44.011362169330773,
    52.354560450833695,
    61.611687202997452,
    78.5175139698144,
    97.308786859152647,
    44.10215414239989,
    46.518813398452032,
    58.821764679410968,
    96.6902270139025,
    101.17806086301516,
    54.083269131959838,
    54.918120870983927,
    52.497618993626752,
    46.518813398452032,
    43.56604182158393,
    44.045431091090478,
    45.276925690687087,
    45.803929962395145,
    44.294469180700204,
    44.011362169330773,
    44.384682042344295,
    44.283179650969061
  ],
  [
    44.0,
    44.283179650969061,
    46.324939287601879,
    48.466483264210538,
    51.478150704935004,
    54.405882034941776,
    58.728187440104094,
    62.481997407253232,
    70.178344238091,
    81.437092286009332,
    78.746428490440124,
    76.2954782408499,
    75.1065909225016,
    75.1065909225016,
    76.2954782408499,
    78.746428490440124,
    63.071388124885914,
    52.153619241621193,
    46.861498055439924,
    42.449970553582247,
    40.80441152620633,
    39.824615503479755,
    38.626415831655933,
    38.078865529319543,
    38.2099463490856,
    38.0,
    38.2099463490856,
    40.26164427839479,
    41.785164831552358,
    42.059481689626182,
    45.803929962395145,
    53.075418038862395,
    65.299310869258036,
    83.21658488546619,
    97.082439194738,
    46.173585522460783,
    46.690470119715009,
    79.1580697086532,
    102.17631819555841,
    64.132674979295857,
    55.659680200302986,
    54.12947441089743,
    48.548944375753422,
    42.638011210655684,
    43.863424398922618,
    44.407206622349037,
    45.650848842053307,
    44.944410108488462,
    44.384682042344295,
    44.283179650969061
  ],
  [
    45.0,
    45.276925690687087,
    45.354161881794269,
    47.169905660283021,
    49.244289008980523,
    52.201532544552748,
    56.586217403180434,
    59.665735560705194,
    65.192024052026483,
    75.153176912223742,
    80.956778592036386,
    78.262379212492633,
    77.103826104804938,
    77.103826104804938,
    78.262379212492633,
    80.956778592036386,
    79.624116949577527,
    57.140178508646613,
    50.447993022517757,
    46.690470119715009,
    43.011626335213137,
    41.182520563948,
    39.560080889704963,
    39.05124837953327,
    38.2099463490856,
    38.0,
    38.2099463490856,
    39.05124837953327,
    40.853396431630991,
    42.059481689626182,
    42.201895692018383,
    45.276925690687087,
    53.2634959423431,
    65.192024052026483,
    84.095184166514557,
    97.718984849413985,
    45.705579528105758,
    47.095647357266465,
    85.14693182963201,
    104.7377677822093,
    64.195015382816138,
    55.036351623268054,
    52.153619241621193,
    46.861498055439924,
    42.449970553582247,
    43.011626335213137,
    44.294469180700204,
    44.944410108488462,
    45.354161881794269,
    45.276925690687087
  ],
  [
    45.0,
    46.2709412050371,
    46.324939287601879,
    47.169905660283021,
    49.244289008980523,
    51.61395160225576,
    56.586217403180434,
    60.440052945046304,
    65.192024052026483,
    72.917761896536561,
    82.861329943466387,
    80.4114419718985,
    79.1580697086532,
    79.1580697086532,
    80.4114419718985,
    82.861329943466387,
    86.330759292386631,
    61.587336360651285,
    54.671747731346578,
    49.51767361255979,
    46.61544808322666,
    44.294469180700204,
    43.08131845707603,
    41.231056256176608,
    41.303752856126764,
    41.0,
    41.303752856126764,
    41.231056256176608,
    43.08131845707603,
    42.059481689626182,
    40.80441152620633,
    42.449970553582247,
    50.447993022517757,
    61.587336360651285,
    77.388629655783419,
    100.88111815399351,
    44.721359549995796,
    44.045431091090478,
    61.073725938409879,
    107.8702924812944,
    77.794601355106892,
    54.12947441089743,
    53.0,
    48.270073544588683,
    43.863424398922618,
    40.80441152620633,
    42.059481689626182,
    44.011362169330773,
    45.354161881794269,
    45.276925690687087
  ],
  [
    47.0,
    47.381430961928537,
    47.296934361541872,
    48.466483264210538,
    50.119856344566671,
    53.009433122794285,
    57.3149195236284,
    61.073725938409879,
    67.4166151627327,
    73.824115301167,
    86.023252670426274,
    86.49277426467485,
    85.14693182963201,
    85.14693182963201,
    86.49277426467485,
    89.1852005660132,
    82.764726786234249,
    61.587336360651285,
    54.671747731346578,
    50.24937810560445,
    48.010415536631214,
    45.650848842053307,
    44.011362169330773,
    42.201895692018383,
    42.2965719651132,
    41.0,
    41.303752856126764,
    42.201895692018383,
    41.785164831552358,
    41.182520563948,
    40.80441152620633,
    42.449970553582247,
    50.447993022517757,
    61.587336360651285,
    79.624116949577527,
    104.9952379872535,
    43.737855457258078,
    43.046486500061768,
    69.1158447825099,
    118.06777714516353,
    84.118963379252364,
    52.801515129776341,
    53.0,
    49.040799340956916,
    43.863424398922618,
    40.80441152620633,
    41.182520563948,
    43.08131845707603,
    45.354161881794269,
    46.2709412050371
  ],
  [
    31.0,
    47.381430961928537,
    48.507731342539614,
    48.466483264210538,
    50.119856344566671,
    53.009433122794285,
    57.3149195236284,
    61.073725938409879,
    66.037867924396224,
    72.917761896536561,
    84.118963379252364,
    89.442719099991592,
    88.141930997681229,
    88.141930997681229,
    89.442719099991592,
    92.347171044921566,
    84.095184166514557,
    61.587336360651285,
    54.671747731346578,
    53.075418038862395,
    50.219518117958877,
    47.885279575251516,
    44.944410108488462,
    44.384682042344295,
    44.283179650969061,
    44.0,
    44.283179650969061,
    45.354161881794269,
    44.944410108488462,
    43.416586692184822,
    42.201895692018383,
    43.863424398922618,
    50.447993022517757,
    61.587336360651285,
    79.624116949577527,
    103.09219175087898,
    44.721359549995796,
    44.045431091090478,
    71.112586790244109,
    124.1491039033307,
    84.118963379252364,
    54.12947441089743,
    53.0,
    48.270073544588683,
    43.863424398922618,
    42.201895692018383,
    41.182520563948,
    44.011362169330773,
    46.324939287601879,
    47.381430961928537
  ],
  [
    31.0,
    50.358713248056688,
    50.447993022517757,
    50.328918128646478,
    52.354560450833695,
    56.612719418872643,
    60.141499815019579,
    64.660652641308843,
    69.6419413859206,
    77.388629655783419,
    90.443352436760108,
    93.557468969612472,
    15.033296378372908,
    92.135769384099675,
    93.557468969612472,
    96.462427918853464,
    79.624116949577527,
    59.363288318623319,
    54.671747731346578,
    53.075418038862395,
    51.61395160225576,
    47.885279575251516,
    46.238512086787566,
    45.354161881794269,
    45.276925690687087,
    45.0,
    46.2709412050371,
    46.324939287601879,
    44.944410108488462,
    43.416586692184822,
    43.011626335213137,
    43.863424398922618,
    50.447993022517757,
    61.587336360651285,
    79.624116949577527,
    106.25441167311595,
    45.705579528105758,
    44.045431091090478,
    70.114192571832419,
    128.26534995859171,
    87.281154896117187,
    56.36488268416781,
    54.378304497290095,
    50.447993022517757,
    46.690470119715009,
    43.011626335213137,
    42.059481689626182,
    46.238512086787566,
    48.507731342539614,
    49.365980188789933
  ],
  [
    30.0,
    48.373546489791295,
    48.507731342539614,
    49.396356140913873,
    51.478150704935004,
    54.405882034941776,
    57.3149195236284,
    62.481997407253232,
    67.4166151627327,
    75.153176912223742,
    87.281154896117187,
    89.442719099991592,
    88.141930997681229,
    88.141930997681229,
    89.442719099991592,
    92.347171044921566,
    82.764726786234249,
    60.207972893961475,
    53.2634959423431,
    52.3450093132096,
    49.4064773081425,
    46.529560496527367,
    44.944410108488462,
    44.384682042344295,
    43.289721643826724,
    43.0,
    44.283179650969061,
    45.354161881794269,
    44.011362169330773,
    43.416586692184822,
    42.201895692018383,
    42.449970553582247,
    48.270073544588683,
    59.363288318623319,
    77.388629655783419,
    100.88111815399351,
    45.705579528105758,
    44.045431091090478,
    68.117545463705611,
    124.1491039033307,
    84.118963379252364,
    55.036351623268054,
    54.378304497290095,
    49.040799340956916,
    45.276925690687087,
    42.201895692018383,
    41.182520563948,
    44.944410108488462,
    47.296934361541872,
    47.381430961928537
  ],
  [
    46.0,
    46.2709412050371,
    46.324939287601879,
    47.169905660283021,
    49.244289008980523,
    51.61395160225576,
    56.586217403180434,
    59.665735560705194,
    65.192024052026483,
    72.917761896536561,
    84.118963379252364,
    86.49277426467485,
    85.14693182963201,
    85.14693182963201,
    86.49277426467485,
    89.1852005660132,
    82.764726786234249,
    61.587336360651285,
    53.2634959423431,
    50.24937810560445,
    48.010415536631214,
    45.650848842053307,
    43.08131845707603,
    42.201895692018383,
    42.2965719651132,
    42.0,
    42.2965719651132,
    43.174066289845804,
    43.08131845707603,
    42.059481689626182,
    42.201895692018383,
    42.449970553582247,
    48.270073544588683,
    59.363288318623319,
    77.388629655783419,
    99.624294225856374,
    44.721359549995796,
    44.045431091090478,
    68.117545463705611,
    118.06777714516353,
    77.794601355106892,
    54.12947441089743,
    52.153619241621193,
    48.270073544588683,
    43.863424398922618,
    40.80441152620633,
    41.182520563948,
    43.08131845707603,
    45.354161881794269,
    46.2709412050371
  ],
  [
    46.0,
    46.2709412050371,
    45.354161881794269,
    47.169905660283021,
    49.244289008980523,
    51.61395160225576,
    54.488530903301111,
    59.665735560705194,
    63.812224534175265,
    70.682388188289167,
    80.956778592036386,
    85.5102333057278,
    84.1486779456457,
    84.1486779456457,
    85.5102333057278,
    88.232647019116456,
    79.624116949577527,
    59.363288318623319,
    53.2634959423431,
    48.104053883222775,
    45.803929962395145,
    44.294469180700204,
    41.785164831552358,
    41.231056256176608,
    41.303752856126764,
    41.0,
    41.303752856126764,
    42.201895692018383,
    43.08131845707603,
    43.416586692184822,
    42.201895692018383,
    42.449970553582247,
    45.453272709454048,
    57.140178508646613,
    72.917761896536561,
    96.462427918853464,
    45.705579528105758,
    45.044422518220834,
    62.072538211353979,
    117.08543888972702,
    80.956778592036386,
    55.036351623268054,
    54.378304497290095,
    48.270073544588683,
    43.863424398922618,
    40.80441152620633,
    43.416586692184822,
    44.944410108488462,
    46.324939287601879,
    29.154759474226502
  ],
  [
    44.0,
    44.283179650969061,
    44.384682042344295,
    44.944410108488462,
    47.885279575251516,
    49.4064773081425,
    52.3450093132096,
    56.080299571239813,
    61.587336360651285,
    68.4470598345904,
    78.746428490440124,
    84.344531535838172,
    83.150466023949619,
    83.150466023949619,
    84.344531535838172,
    86.023252670426274,
    77.388629655783419,
    57.140178508646613,
    49.040799340956916,
    45.276925690687087,
    43.011626335213137,
    41.182520563948,
    39.560080889704963,
    39.05124837953327,
    38.2099463490856,
    39.0,
    39.319206502675,
    40.26164427839479,
    41.785164831552358,
    43.416586692184822,
    43.011626335213137,
    42.449970553582247,
    45.453272709454048,
    57.140178508646613,
    72.917761896536561,
    93.605555390692487,
    47.675989764240867,
    48.093658625644196,
    75.1065909225016,
    113.95174417269794,
    67.357256476195644,
    57.271284253105414,
    52.153619241621193,
    46.861498055439924,
    42.449970553582247,
    43.011626335213137,
    44.294469180700204,
    46.238512086787566,
    45.354161881794269,
    44.283179650969061
  ],
  [
    44.0,
    43.289721643826724,
    44.384682042344295,
    44.944410108488462,
    46.529560496527367,
    49.4064773081425,
    52.3450093132096,
    56.080299571239813,
    61.587336360651285,
    68.4470598345904,
    80.956778592036386,
    82.37718130647589,
    81.154174261093928,
    81.154174261093928,
    82.37718130647589,
    84.118963379252364,
    72.917761896536561,
    55.758407437802596,
    48.270073544588683,
    43.863424398922618,
    42.201895692018383,
    39.824615503479755,
    38.626415831655933,
    38.078865529319543,
    37.215588131856791,
    38.0,
    38.2099463490856,
    39.05124837953327,
    41.785164831552358,
    43.416586692184822,
    42.201895692018383,
    42.449970553582247,
    46.861498055439924,
    57.140178508646613,
    72.917761896536561,
    94.5568612000208,
    47.675989764240867,
    47.095647357266465,
    78.10249675906654,
    111.80339887498948,
    61.032778078668514,
    56.36488268416781,
    52.153619241621193,
    45.453272709454048,
    41.036569057366385,
    43.011626335213137,
    44.294469180700204,
    44.944410108488462,
    44.384682042344295,
    44.283179650969061
  ],
  [
    44.0,
    43.289721643826724,
    43.174066289845804,
    44.944410108488462,
    46.529560496527367,
    49.4064773081425,
    52.3450093132096,
    54.671747731346578,
    59.363288318623319,
    67.119296778199342,
    77.794601355106892,
    82.37718130647589,
    81.154174261093928,
    81.154174261093928,
    82.37718130647589,
    82.861329943466387,
    75.153176912223742,
    55.758407437802596,
    48.270073544588683,
    43.863424398922618,
    40.80441152620633,
    39.824615503479755,
    38.626415831655933,
    38.078865529319543,
    37.215588131856791,
    38.0,
    38.2099463490856,
    39.05124837953327,
    40.853396431630991,
    43.416586692184822,
    43.011626335213137,
    43.863424398922618,
    43.278170016764804,
    55.758407437802596,
    70.682388188289167,
    90.443352436760108,
    48.836461788299118,
    48.093658625644196,
    75.1065909225016,
    109.83624174196785,
    61.032778078668514,
    56.36488268416781,
    52.153619241621193,
    45.453272709454048,
    42.449970553582247,
    44.407206622349037,
    45.650848842053307,
    44.944410108488462,
    44.384682042344295,
    44.283179650969061
  ],
  [
    42.0,
    41.303752856126764,
    42.201895692018383,
    43.08131845707603,
    45.650848842053307,
    47.201694884823787,
    50.24937810560445,
    53.2634959423431,
    57.140178508646613,
    65.30696746902278,
    76.53757247260981,
    80.4114419718985,
    79.1580697086532,
    79.1580697086532,
    80.4114419718985,
    79.6994353806851,
    77.388629655783419,
    57.140178508646613,
    48.270073544588683,
    43.863424398922618,
    40.80441152620633,
    38.470768123342687,
    37.336309405188942,
    37.107950630558946,
    36.221540552549669,
    37.0,
    37.215588131856791,
    38.078865529319543,
    39.560080889704963,
    42.059481689626182,
    42.201895692018383,
    42.449970553582247,
    45.453272709454048,
    55.758407437802596,
    70.682388188289167,
    91.39474820797966,
    46.690470119715009,
    46.043457732885351,
    73.109506905736964,
    103.75451797391764,
    64.195015382816138,
    55.036351623268054,
    50.774009099144415,
    43.278170016764804,
    42.449970553582247,
    42.201895692018383,
    43.416586692184822,
    44.011362169330773,
    43.174066289845804,
    42.2965719651132
  ],
  [
    42.0,
    41.303752856126764,
    41.231056256176608,
    43.08131845707603,
    44.294469180700204,
    46.61544808322666,
    49.51767361255979,
    51.855568649856693,
    57.140178508646613,
    65.30696746902278,
    74.632432628181164,
    78.262379212492633,
    77.103826104804938,
    77.103826104804938,
    76.2954782408499,
    75.584389922787622,
    73.824115301167,
    57.140178508646613,
    46.861498055439924,
    42.449970553582247,
    39.408120990476064,
    37.589892258425,
    36.400549446402593,
    36.138621999185304,
    35.227829907617071,
    36.0,
    36.221540552549669,
    37.107950630558946,
    38.626415831655933,
    41.182520563948,
    42.201895692018383,
    42.449970553582247,
    45.453272709454048,
    54.378304497290095,
    70.682388188289167,
    90.443352436760108,
    47.675989764240867,
    47.095647357266465,
    71.112586790244109,
    100.62305898749054,
    64.195015382816138,
    55.036351623268054,
    50.774009099144415,
    43.278170016764804,
    42.449970553582247,
    44.407206622349037,
    43.416586692184822,
    43.08131845707603,
    42.201895692018383,
    42.2965719651132
  ],
  [
    41.0,
    40.311288741492746,
    40.26164427839479,
    41.785164831552358,
    43.416586692184822,
    45.803929962395145,
    48.104053883222775,
    51.855568649856693,
    55.758407437802596,
    63.071388124885914,
    74.632432628181164,
    76.2954782408499,
    75.1065909225016,
    75.1065909225016,
    74.330343736592525,
    73.375745311376562,
    71.589105316381762,
    55.758407437802596,
    45.453272709454048,
    41.036569057366385,
    38.013155617496423,
    36.235341863986875,
    35.4682957019364,
    34.928498393145958,
    34.23448553724738,
    35.0,
    35.227829907617071,
    36.138621999185304,
    37.336309405188942,
    38.470768123342687,
    40.80441152620633,
    41.036569057366385,
    45.453272709454048,
    54.378304497290095,
    70.682388188289167,
    88.232647019116456,
    45.705579528105758,
    46.043457732885351,
    72.111025509279784,
    96.6902270139025,
    61.032778078668514,
    54.12947441089743,
    48.548944375753422,
    42.638011210655684,
    42.449970553582247,
    42.201895692018383,
    43.416586692184822,
    43.08131845707603,
    41.231056256176608,
    41.303752856126764
  ],
  [
    40.0,
    39.319206502675,
    40.26164427839479,
    40.853396431630991,
    43.416586692184822,
    45.803929962395145,
    48.104053883222775,
    50.447993022517757,
    55.758407437802596,
    63.071388124885914,
    73.375745311376562,
    73.16419889536138,
    72.111025509279784,
    72.111025509279784,
    73.16419889536138,
    71.470273540822546,
    70.682388188289167,
    54.378304497290095,
    43.278170016764804,
    39.6232255123179,
    37.20215047547655,
    35.355339059327378,
    34.176014981270121,
    33.955853692699293,
    33.241540277189323,
    34.0,
    34.23448553724738,
    34.928498393145958,
    36.400549446402593,
    38.470768123342687,
    39.408120990476064,
    39.6232255123179,
    45.453272709454048,
    55.758407437802596,
    70.682388188289167,
    87.281154896117187,
    44.721359549995796,
    46.043457732885351,
    74.108029254595621,
    93.557468969612472,
    52.497618993626752,
    52.801515129776341,
    47.169905660283021,
    41.231056256176608,
    41.036569057366385,
    42.201895692018383,
    42.059481689626182,
    40.853396431630991,
    40.26164427839479,
    40.311288741492746
  ],
  [
    39.0,
    39.319206502675,
    40.26164427839479,
    40.853396431630991,
    43.416586692184822,
    45.803929962395145,
    48.104053883222775,
    50.447993022517757,
    55.758407437802596,
    63.071388124885914,
    73.375745311376562,
    71.196910045310247,
    70.114192571832419,
    70.114192571832419,
    70.213958726167832,
    69.260378283691168,
    67.119296778199342,
    55.758407437802596,
    45.453272709454048,
    39.6232255123179,
    37.20215047547655,
    35.355339059327378,
    34.176014981270121,
    33.955853692699293,
    33.241540277189323,
    33.0,
    34.23448553724738,
    34.928498393145958,
    36.400549446402593,
    38.470768123342687,
    40.80441152620633,
    41.036569057366385,
    46.861498055439924,
    57.140178508646613,
    72.917761896536561,
    82.861329943466387,
    44.721359549995796,
    47.095647357266465,
    77.103826104804938,
    88.459030064770658,
    52.497618993626752,
    51.894122981316485,
    46.324939287601879,
    42.638011210655684,
    42.449970553582247,
    42.201895692018383,
    42.059481689626182,
    40.853396431630991,
    40.26164427839479,
    40.311288741492746
  ],
  [
    42.0,
    41.303752856126764,
    42.201895692018383,
    44.011362169330773,
    45.650848842053307,
    48.010415536631214,
    50.24937810560445,
    54.671747731346578,
    60.207972893961475,
    68.4470598345904,
    77.794601355106892,
    76.2954782408499,
    75.1065909225016,
    75.1065909225016,
    76.2954782408499,
    74.632432628181164,
    72.917761896536561,
    54.378304497290095,
    45.453272709454048,
    42.449970553582247,
    39.408120990476064,
    37.589892258425,
    36.400549446402593,
    36.138621999185304,
    35.227829907617071,
    36.0,
    36.221540552549669,
    37.107950630558946,
    38.626415831655933,
    41.182520563948,
    42.201895692018383,
    42.449970553582247,
    48.270073544588683,
    59.363288318623319,
    75.153176912223742,
    91.39474820797966,
    47.675989764240867,
    47.095647357266465,
    92.135769384099675,
    96.6902270139025,
    55.659680200302986,
    54.12947441089743,
    48.548944375753422,
    44.045431091090478,
    43.863424398922618,
    44.407206622349037,
    44.294469180700204,
    43.08131845707603,
    43.174066289845804,
    42.2965719651132
  ],
  [
    42.0,
    41.303752856126764,
    42.201895692018383,
    44.011362169330773,
    45.650848842053307,
    48.010415536631214,
    50.931326312987373,
    54.671747731346578,
    59.363288318623319,
    68.4470598345904,
    78.746428490440124,
    77.278716345446625,
    76.105190361761785,
    76.105190361761785,
    77.278716345446625,
    76.53757247260981,
    75.153176912223742,
    55.758407437802596,
    46.861498055439924,
    42.449970553582247,
    40.80441152620633,
    38.470768123342687,
    37.336309405188942,
    37.107950630558946,
    36.221540552549669,
    37.0,
    37.215588131856791,
    38.078865529319543,
    39.560080889704963,
    42.059481689626182,
    43.011626335213137,
    42.449970553582247,
    48.270073544588683,
    59.363288318623319,
    75.153176912223742,
    92.347171044921566,
    47.675989764240867,
    47.095647357266465,
    92.135769384099675,
    98.655967888415148,
    55.659680200302986,
    54.12947441089743,
    48.548944375753422,
    43.278170016764804,
    43.863424398922618,
    44.407206622349037,
    44.294469180700204,
    44.011362169330773,
    43.174066289845804,
    42.2965719651132
  ],
  [
    44.0,
    43.289721643826724,
    43.174066289845804,
    44.944410108488462,
    46.529560496527367,
    49.4064773081425,
    52.3450093132096,
    54.671747731346578,
    60.207972893961475,
    68.4470598345904,
    80.956778592036386,
    79.2464510246358,
    78.10249675906654,
    78.10249675906654,
    79.2464510246358,
    80.956778592036386,
    79.624116949577527,
    57.140178508646613,
    48.270073544588683,
    45.276925690687087,
    42.201895692018383,
    39.824615503479755,
    39.560080889704963,
    38.078865529319543,
    38.2099463490856,
    38.0,
    39.319206502675,
    40.26164427839479,
    40.853396431630991,
    43.416586692184822,
    44.407206622349037,
    43.863424398922618,
    46.861498055439924,
    57.140178508646613,
    72.917761896536561,
    94.5568612000208,
    47.675989764240867,
    48.093658625644196,
    87.143559716137375,
    103.75451797391764,
    64.195015382816138,
    56.36488268416781,
    50.774009099144415,
    44.045431091090478,
    43.863424398922618,
    44.407206622349037,
    45.650848842053307,
    44.944410108488462,
    44.384682042344295,
    44.283179650969061
  ],
  [
    45.0,
    44.283179650969061,
    44.384682042344295,
    46.238512086787566,
    47.885279575251516,
    50.219518117958877,
    53.075418038862395,
    56.080299571239813,
    61.587336360651285,
    70.682388188289167,
    81.9084855189009,
    81.394102980498531,
    80.156097709406993,
    80.156097709406993,
    81.394102980498531,
    84.118963379252364,
    79.624116949577527,
    59.363288318623319,
    50.447993022517757,
    46.690470119715009,
    43.011626335213137,
    42.059481689626182,
    40.853396431630991,
    40.26164427839479,
    39.319206502675,
    40.0,
    40.311288741492746,
    41.231056256176608,
    43.08131845707603,
    45.650848842053307,
    45.803929962395145,
    45.276925690687087,
    46.861498055439924,
    57.140178508646613,
    75.153176912223742,
    97.718984849413985,
    49.8196748283246,
    49.091750834534309,
    85.14693182963201,
    108.85311203635843,
    67.357256476195644,
    57.271284253105414,
    50.774009099144415,
    45.453272709454048,
    45.276925690687087,
    45.803929962395145,
    46.529560496527367,
    46.238512086787566,
    45.354161881794269,
    45.276925690687087
  ],
  [
    46.0,
    45.276925690687087,
    45.354161881794269,
    47.169905660283021,
    49.244289008980523,
    51.61395160225576,
    54.488530903301111,
    58.258046654518033,
    63.812224534175265,
    72.917761896536561,
    84.118963379252364,
    84.344531535838172,
    83.150466023949619,
    83.150466023949619,
    84.344531535838172,
    87.281154896117187,
    77.388629655783419,
    59.363288318623319,
    51.855568649856693,
    48.104053883222775,
    44.407206622349037,
    43.416586692184822,
    41.785164831552358,
    41.231056256176608,
    41.303752856126764,
    41.0,
    42.2965719651132,
    43.174066289845804,
    44.944410108488462,
    45.650848842053307,
    45.803929962395145,
    45.276925690687087,
    45.453272709454048,
    55.758407437802596,
    72.917761896536561,
    94.5568612000208,
    49.8196748283246,
    49.091750834534309,
    77.103826104804938,
    111.9866063420086,
    71.470273540822546,
    57.271284253105414,
    52.153619241621193,
    46.861498055439924,
    45.276925690687087,
    45.803929962395145,
    47.885279575251516,
    48.466483264210538,
    47.296934361541872,
    46.2709412050371
  ],
  [
    47.0,
    46.2709412050371,
    46.324939287601879,
    47.169905660283021,
    49.244289008980523,
    51.61395160225576,
    54.488530903301111,
    58.258046654518033,
    62.433965115151864,
    70.682388188289167,
    84.118963379252364,
    87.475710914516156,
    86.145226217127089,
    86.145226217127089,
    87.475710914516156,
    90.443352436760108,
    79.624116949577527,
    61.587336360651285,
    54.671747731346578,
    49.51767361255979,
    45.803929962395145,
    44.294469180700204,
    43.08131845707603,
    42.201895692018383,
    41.303752856126764,
    42.0,
    42.2965719651132,
    43.174066289845804,
    44.944410108488462,
    45.650848842053307,
    45.803929962395145,
    45.276925690687087,
    45.453272709454048,
    54.378304497290095,
    68.4470598345904,
    91.39474820797966,
    106.88779163215975,
    49.091750834534309,
    55.081757415681643,
    117.08543888972702,
    80.956778592036386,
    58.600341295934449,
    54.378304497290095,
    48.270073544588683,
    45.276925690687087,
    45.803929962395145,
    46.529560496527367,
    48.466483264210538,
    48.507731342539614,
    47.381430961928537
  ],
  [
    49.0,
    48.373546489791295,
    48.507731342539614,
    48.466483264210538,
    50.119856344566671,
    53.009433122794285,
    56.586217403180434,
    59.665735560705194,
    65.192024052026483,
    72.917761896536561,
    86.023252670426274,
    91.591484320323147,
    91.13725912051558,
    91.13725912051558,
    92.57429448826494,
    95.509161864189764,
    82.764726786234249,
    63.812224534175265,
    56.080299571239813,
    52.3450093132096,
    49.4064773081425,
    47.885279575251516,
    46.238512086787566,
    44.384682042344295,
    44.283179650969061,
    45.0,
    45.276925690687087,
    46.324939287601879,
    47.169905660283021,
    46.529560496527367,
    45.803929962395145,
    45.276925690687087,
    45.453272709454048,
    55.758407437802596,
    70.682388188289167,
    97.718984849413985,
    112.96902230257638,
    49.091750834534309,
    55.081757415681643,
    124.1491039033307,
    84.118963379252364,
    58.600341295934449,
    54.378304497290095,
    50.447993022517757,
    46.690470119715009,
    44.407206622349037,
    46.529560496527367,
    48.466483264210538,
    49.477267507411923,
    49.365980188789933
  ],
  [
    29.0,
    50.358713248056688,
    49.477267507411923,
    50.328918128646478,
    52.354560450833695,
    54.405882034941776,
    58.728187440104094,
    62.481997407253232,
    67.4166151627327,
    75.153176912223742,
    87.281154896117187,
    94.540996398387932,
    93.134311615000414,
    93.134311615000414,
    94.540996398387932,
    97.718984849413985,
    79.624116949577527,
    63.812224534175265,
    55.443665102516448,
    53.075418038862395,
    51.61395160225576,
    49.244289008980523,
    47.169905660283021,
    46.324939287601879,
    46.2709412050371,
    46.0,
    46.2709412050371,
    47.296934361541872,
    46.238512086787566,
    45.650848842053307,
    44.407206622349037,
    43.863424398922618,
    46.861498055439924,
    57.140178508646613,
    77.388629655783419,
    100.88111815399351,
    46.690470119715009,
    45.044422518220834,
    59.076221950967721,
    128.26534995859171,
    87.281154896117187,
    56.36488268416781,
    54.378304497290095,
    50.447993022517757,
    46.690470119715009,
    43.011626335213137,
    43.416586692184822,
    47.169905660283021,
    49.477267507411923,
    49.365980188789933
  ],
  [
    52.0,
    52.3450093132096,
    53.600373133029585,
    53.488316481265329,
    54.589376255824725,
    58.008620049092706,
    61.554853586049575,
    66.068146636635717,
    72.401657439591816,
    79.624116949577527,
    90.443352436760108,
    95.524865872714,
    94.132884795909661,
    94.132884795909661,
    95.524865872714,
    98.671171068352081,
    79.624116949577527,
    61.587336360651285,
    59.665735560705194,
    57.3149195236284,
    55.21775076911409,
    51.478150704935004,
    49.396356140913873,
    48.507731342539614,
    48.373546489791295,
    48.0,
    48.373546489791295,
    47.296934361541872,
    44.944410108488462,
    43.416586692184822,
    42.201895692018383,
    42.449970553582247,
    48.270073544588683,
    59.363288318623319,
    79.624116949577527,
    106.25441167311595,
    46.690470119715009,
    42.047592083257278,
    46.043457732885351,
    132.19682295728592,
    93.605555390692487,
    63.071388124885914,
    53.0,
    50.447993022517757,
    46.690470119715009,
    44.407206622349037,
    43.416586692184822,
    44.011362169330773,
    48.507731342539614,
    51.35172830587107
  ],
  [
    48.0,
    50.358713248056688,
    50.447993022517757,
    52.55473337388365,
    33.120990323358392,
    32.202484376209235,
    57.3149195236284,
    62.481997407253232,
    67.4166151627327,
    72.917761896536561,
    80.956778592036386,
    94.540996398387932,
    33.060550509633082,
    29.017236257093817,
    26.476404589747453,
    97.718984849413985,
    98.412397592986224,
    68.264192663504048,
    64.660652641308843,
    62.968245965724662,
    59.405386961116584,
    55.470712993434653,
    53.488316481265329,
    51.419840528729765,
    50.358713248056688,
    50.0,
    49.365980188789933,
    46.324939287601879,
    43.08131845707603,
    41.182520563948,
    39.408120990476064,
    39.6232255123179,
    42.638011210655684,
    50.774009099144415,
    63.071388124885914,
    80.956778592036386,
    106.88779163215975,
    40.049968789001575,
    39.05124837953327,
    61.0,
    130.29197979921864,
    89.470665583754325,
    59.363288318623319,
    46.861498055439924,
    45.276925690687087,
    43.011626335213137,
    41.182520563948,
    40.853396431630991,
    40.26164427839479,
    45.276925690687087
  ],
  [
    47.0,
    50.358713248056688,
    51.419840528729765,
    52.55473337388365,
    54.589376255824725,
    34.409301068170507,
    58.728187440104094,
    62.481997407253232,
    67.4166151627327,
    73.824115301167,
    80.956778592036386,
    37.656340767525464,
    34.058772731852805,
    31.064449134018133,
    29.427877939124322,
    31.32091952673165,
    100.64790112068906,
    69.6419413859206,
    65.299310869258036,
    62.968245965724662,
    59.405386961116584,
    55.470712993434653,
    52.55473337388365,
    50.447993022517757,
    49.365980188789933,
    49.0,
    47.381430961928537,
    44.384682042344295,
    9.4868329805051381,
    39.824615503479755,
    37.20215047547655,
    39.6232255123179,
    42.638011210655684,
    50.774009099144415,
    61.741396161732524,
    80.956778592036386,
    104.7377677822093,
    39.05124837953327,
    38.052595180880893,
    46.690470119715009,
    128.08200498118384,
    96.176920308356728,
    63.812224534175265,
    46.227697325304881,
    45.276925690687087,
    43.011626335213137,
    41.182520563948,
    39.560080889704963,
    40.26164427839479,
    42.2965719651132
  ],
  [
    42.0,
    46.2709412050371,
    49.477267507411923,
    51.623637996561229,
    53.712196007983138,
    40.80441152620633,
    37.483329627982627,
    61.073725938409879,
    65.192024052026483,
    71.589105316381762,
    77.794601355106892,
    41.593268686170845,
    39.05124837953327,
    36.055512754639892,
    32.557641192199412,
    35.735136770411273,
    97.082439194738,
    72.401657439591816,
    68.249542123006222,
    67.208630398186216,
    62.201286160335947,
    56.824290580701486,
    53.488316481265329,
    51.419840528729765,
    49.365980188789933,
    8.0,
    8.06225774829855,
    44.384682042344295,
    39.560080889704963,
    37.589892258425,
    37.20215047547655,
    39.6232255123179,
    42.638011210655684,
    46.324939287601879,
    57.271284253105414,
    71.470273540822546,
    91.591484320323147,
    118.20744477400736,
    36.055512754639892,
    36.496575181789318,
    108.15729286552988,
    126.14277624977183,
    78.230428862431779,
    51.855568649856693,
    43.863424398922618,
    43.011626335213137,
    42.059481689626182,
    39.560080889704963,
    39.05124837953327,
    38.2099463490856
  ],
  [
    48.0,
    48.373546489791295,
    48.507731342539614,
    49.396356140913873,
    51.478150704935004,
    54.405882034941776,
    58.728187440104094,
    62.481997407253232,
    68.264192663504048,
    77.388629655783419,
    87.281154896117187,
    84.344531535838172,
    83.150466023949619,
    83.150466023949619,
    84.344531535838172,
    87.281154896117187,
    77.388629655783419,
    61.587336360651285,
    54.671747731346578,
    52.3450093132096,
    50.219518117958877,
    47.885279575251516,
    46.238512086787566,
    44.384682042344295,
    44.283179650969061,
    45.0,
    45.276925690687087,
    46.324939287601879,
    44.944410108488462,
    43.416586692184822,
    42.201895692018383,
    42.449970553582247,
    46.861498055439924,
    57.140178508646613,
    72.917761896536561,
    93.605555390692487,
    44.721359549995796,
    43.046486500061768,
    62.072538211353979,
    120.03332870498926,
    77.794601355106892,
    54.12947441089743,
    52.153619241621193,
    46.861498055439924,
    43.863424398922618,
    40.80441152620633,
    42.059481689626182,
    44.944410108488462,
    47.296934361541872,
    47.381430961928537
  ],
  [
    45.0,
    46.2709412050371,
    47.296934361541872,
    49.396356140913873,
    51.478150704935004,
    54.405882034941776,
    58.728187440104094,
    64.660652641308843,
    72.401657439591816,
    84.095184166514557,
    84.118963379252364,
    81.394102980498531,
    80.156097709406993,
    80.156097709406993,
    81.394102980498531,
    80.956778592036386,
    58.600341295934449,
    50.774009099144415,
    46.227697325304881,
    43.863424398922618,
    42.201895692018383,
    41.182520563948,
    40.853396431630991,
    40.26164427839479,
    40.311288741492746,
    42.0,
    43.289721643826724,
    45.354161881794269,
    47.169905660283021,
    46.529560496527367,
    45.803929962395145,
    50.24937810560445,
    61.073725938409879,
    76.8505042273634,
    93.941471140279674,
    50.289163842720633,
    49.8196748283246,
    93.134311615000414,
    109.16501271011697,
    58.051701094799967,
    57.56735185849702,
    54.12947441089743,
    47.169905660283021,
    42.638011210655684,
    45.276925690687087,
    45.803929962395145,
    47.885279575251516,
    46.238512086787566,
    46.324939287601879,
    46.2709412050371
  ],
  [
    46.0,
    46.2709412050371,
    48.507731342539614,
    50.328918128646478,
    52.354560450833695,
    55.21775076911409,
    58.728187440104094,
    64.660652641308843,
    74.625732827222535,
    85.0,
    82.861329943466387,
    80.4114419718985,
    79.1580697086532,
    79.1580697086532,
    80.4114419718985,
    82.861329943466387,
    61.741396161732524,
    52.153619241621193,
    48.270073544588683,
    45.276925690687087,
    43.011626335213137,
    42.059481689626182,
    40.853396431630991,
    40.26164427839479,
    41.303752856126764,
    42.0,
    43.289721643826724,
    44.384682042344295,
    46.238512086787566,
    45.650848842053307,
    45.803929962395145,
    53.075418038862395,
    62.481997407253232,
    80.454956342042721,
    100.64790112068906,
    48.383881613611777,
    48.836461788299118,
    96.187317251288391,
    107.16809226630845,
    58.051701094799967,
    56.612719418872643,
    54.12947441089743,
    48.548944375753422,
    42.638011210655684,
    43.863424398922618,
    45.803929962395145,
    47.885279575251516,
    47.169905660283021,
    46.324939287601879,
    47.381430961928537
  ],
  [
    46.0,
    46.2709412050371,
    48.507731342539614,
    50.328918128646478,
    53.712196007983138,
    56.612719418872643,
    60.141499815019579,
    67.475921631349351,
    76.8505042273634,
    83.6719785830358,
    79.6994353806851,
    77.278716345446625,
    76.105190361761785,
    76.105190361761785,
    77.278716345446625,
    79.6994353806851,
    58.600341295934449,
    52.153619241621193,
    48.270073544588683,
    45.276925690687087,
    44.407206622349037,
    42.059481689626182,
    41.785164831552358,
    41.231056256176608,
    42.2965719651132,
    43.0,
    43.289721643826724,
    45.354161881794269,
    46.238512086787566,
    44.294469180700204,
    48.010415536631214,
    57.3149195236284,
    70.292247083159893,
    87.664131775772461,
    47.4236228055175,
    47.127486671792717,
    48.836461788299118,
    103.1746092796091,
    105.17128885774862,
    58.051701094799967,
    55.659680200302986,
    51.894122981316485,
    46.324939287601879,
    42.638011210655684,
    43.863424398922618,
    45.803929962395145,
    46.529560496527367,
    46.238512086787566,
    46.324939287601879,
    46.2709412050371
  ],
  [
    46.0,
    47.381430961928537,
    48.507731342539614,
    50.328918128646478,
    53.712196007983138,
    56.612719418872643,
    61.554853586049575,
    67.475921631349351,
    78.230428862431779,
    83.6719785830358,
    79.6994353806851,
    77.278716345446625,
    76.105190361761785,
    76.105190361761785,
    77.278716345446625,
    71.470273540822546,
    54.12947441089743,
    48.548944375753422,
    44.045431091090478,
    42.449970553582247,
    40.80441152620633,
    39.824615503479755,
    38.626415831655933,
    39.05124837953327,
    40.311288741492746,
    41.0,
    42.2965719651132,
    43.174066289845804,
    44.944410108488462,
    45.650848842053307,
    50.219518117958877,
    60.141499815019579,
    75.286120898874842,
    93.493315269060815,
    47.4236228055175,
    48.383881613611777,
    64.132674979295857,
    102.17631819555841,
    79.1580697086532,
    55.901699437494742,
    55.659680200302986,
    49.658836071740545,
    44.10215414239989,
    45.453272709454048,
    46.690470119715009,
    46.61544808322666,
    46.529560496527367,
    46.238512086787566,
    46.324939287601879,
    45.276925690687087
  ],
  [
    46.0,
    47.381430961928537,
    49.477267507411923,
    51.623637996561229,
    54.589376255824725,
    58.008620049092706,
    62.968245965724662,
    70.292247083159893,
    80.454956342042721,
    82.764726786234249,
    78.746428490440124,
    76.2954782408499,
    75.1065909225016,
    75.1065909225016,
    76.2954782408499,
    67.357256476195644,
    54.12947441089743,
    47.169905660283021,
    44.045431091090478,
    42.449970553582247,
    40.80441152620633,
    39.824615503479755,
    39.560080889704963,
    40.26164427839479,
    40.311288741492746,
    42.0,
    42.2965719651132,
    44.384682042344295,
    44.011362169330773,
    46.529560496527367,
    55.21775076911409,
    68.622153857191051,
    84.504437753291981,
    98.478424032881435,
    46.518813398452032,
    47.127486671792717,
    90.609050320594349,
    101.17806086301516,
    63.126856408346519,
    54.918120870983927,
    53.450912059571067,
    47.4236228055175,
    42.720018726587654,
    44.045431091090478,
    45.276925690687087,
    45.803929962395145,
    45.650848842053307,
    44.944410108488462,
    45.354161881794269,
    45.276925690687087
  ],
  [
    47.0,
    49.365980188789933,
    51.419840528729765,
    53.488316481265329,
    56.824290580701486,
    60.21627686929839,
    65.79513659838392,
    73.878278269055514,
    83.21658488546619,
    81.437092286009332,
    77.794601355106892,
    75.312681535050928,
    74.108029254595621,
    74.108029254595621,
    75.312681535050928,
    61.032778078668514,
    51.894122981316485,
    46.324939287601879,
    43.278170016764804,
    42.449970553582247,
    40.80441152620633,
    39.824615503479755,
    39.560080889704963,
    40.26164427839479,
    40.311288741492746,
    41.0,
    42.2965719651132,
    43.174066289845804,
    44.011362169330773,
    50.119856344566671,
    59.405386961116584,
    72.180329730474355,
    92.314679222754165,
    44.944410108488462,
    46.518813398452032,
    51.546095875439491,
    98.655967888415148,
    89.1403387922662,
    54.083269131959838,
    54.918120870983927,
    53.450912059571067,
    48.332183894378289,
    44.10215414239989,
    45.453272709454048,
    46.690470119715009,
    46.61544808322666,
    46.529560496527367,
    46.238512086787566,
    47.296934361541872,
    46.2709412050371
  ],
  [
    47.0,
    48.373546489791295,
    50.447993022517757,
    53.488316481265329,
    56.824290580701486,
    60.21627686929839,
    64.381674411279491,
    73.878278269055514,
    83.21658488546619,
    85.0,
    80.956778592036386,
    78.262379212492633,
    77.103826104804938,
    77.103826104804938,
    78.262379212492633,
    64.195015382816138,
    54.12947441089743,
    48.548944375753422,
    45.453272709454048,
    43.863424398922618,
    42.201895692018383,
    41.182520563948,
    40.853396431630991,
    40.26164427839479,
    41.303752856126764,
    42.0,
    43.289721643826724,
    44.384682042344295,
    44.944410108488462,
    47.885279575251516,
    56.612719418872643,
    69.354163537598808,
    87.321245982864909,
    99.322706366671255,
    47.4236228055175,
    48.383881613611777,
    85.5102333057278,
    103.1746092796091,
    68.117545463705611,
    55.901699437494742,
    55.659680200302986,
    49.658836071740545,
    44.10215414239989,
    44.045431091090478,
    45.276925690687087,
    46.61544808322666,
    46.529560496527367,
    46.238512086787566,
    47.296934361541872,
    46.2709412050371
  ],
  [
    47.0,
    48.373546489791295,
    48.507731342539614,
    49.396356140913873,
    51.478150704935004,
    55.21775076911409,
    58.728187440104094,
    64.660652641308843,
    69.6419413859206,
    79.624116949577527,
    86.023252670426274,
    83.3606621854697,
    82.152297594163485,
    82.152297594163485,
    83.3606621854697,
    86.023252670426274,
    77.388629655783419,
    62.433965115151864,
    56.850681614207581,
    53.075418038862395,
    50.219518117958877,
    47.885279575251516,
    47.169905660283021,
    46.324939287601879,
    45.276925690687087,
    45.0,
    45.276925690687087,
    45.354161881794269,
    44.011362169330773,
    43.416586692184822,
    42.201895692018383,
    45.276925690687087,
    54.671747731346578,
    69.6419413859206,
    89.470665583754325,
    103.09219175087898,
    43.737855457258078,
    42.047592083257278,
    74.108029254595621,
    114.93476410555685,
    84.118963379252364,
    54.12947441089743,
    49.396356140913873,
    46.227697325304881,
    43.863424398922618,
    42.201895692018383,
    41.182520563948,
    44.944410108488462,
    47.296934361541872,
    47.381430961928537
  ],
  [
    47.0,
    47.381430961928537,
    49.477267507411923,
    50.328918128646478,
    52.354560450833695,
    55.21775076911409,
    58.728187440104094,
    64.660652641308843,
    69.6419413859206,
    77.388629655783419,
    86.023252670426274,
    83.3606621854697,
    82.152297594163485,
    82.152297594163485,
    83.3606621854697,
    86.023252670426274,
    79.624116949577527,
    63.812224534175265,
    56.850681614207581,
    53.075418038862395,
    49.4064773081425,
    46.529560496527367,
    44.944410108488462,
    43.174066289845804,
    42.2965719651132,
    42.0,
    42.2965719651132,
    41.231056256176608,
    39.560080889704963,
    38.470768123342687,
    40.80441152620633,
    46.690470119715009,
    54.671747731346578,
    69.6419413859206,
    86.330759292386631,
    108.15729286552988,
    40.607881008493905,
    40.049968789001575,
    54.083269131959838,
    100.62305898749054,
    112.27199116431488,
    56.36488268416781,
    49.396356140913873,
    50.447993022517757,
    48.104053883222775,
    43.011626335213137,
    39.824615503479755,
    40.853396431630991,
    44.384682042344295,
    46.2709412050371
  ],
  [
    46.0,
    47.381430961928537,
    48.507731342539614,
    50.328918128646478,
    51.478150704935004,
    54.405882034941776,
    58.728187440104094,
    62.481997407253232,
    69.6419413859206,
    75.153176912223742,
    86.023252670426274,
    83.3606621854697,
    82.152297594163485,
    82.152297594163485,
    83.3606621854697,
    86.023252670426274,
    86.330759292386631,
    67.4166151627327,
    59.665735560705194,
    54.488530903301111,
    50.219518117958877,
    47.885279575251516,
    44.944410108488462,
    43.174066289845804,
    42.2965719651132,
    42.0,
    41.303752856126764,
    40.26164427839479,
    38.626415831655933,
    38.470768123342687,
    40.80441152620633,
    45.276925690687087,
    51.855568649856693,
    63.812224534175265,
    5.3851648071345037,
    6.324555320336759,
    38.639358172723313,
    38.052595180880893,
    52.086466572421671,
    98.655967888415148,
    114.48143954370944,
    58.600341295934449,
    46.324939287601879,
    48.270073544588683,
    48.104053883222775,
    44.407206622349037,
    41.182520563948,
    37.336309405188942,
    40.26164427839479,
    44.283179650969061
  ],
  [
    44.0,
    46.2709412050371,
    47.296934361541872,
    49.396356140913873,
    51.478150704935004,
    53.009433122794285,
    57.3149195236284,
    62.481997407253232,
    67.4166151627327,
    75.153176912223742,
    84.118963379252364,
    82.37718130647589,
    81.154174261093928,
    81.154174261093928,
    82.37718130647589,
    85.07055894961546,
    89.470665583754325,
    67.4166151627327,
    59.665735560705194,
    54.488530903301111,
    50.219518117958877,
    47.885279575251516,
    44.944410108488462,
    43.174066289845804,
    41.303752856126764,
    41.0,
    40.311288741492746,
    38.078865529319543,
    36.400549446402593,
    37.589892258425,
    39.408120990476064,
    2.8284271247461903,
    3.6055512754639891,
    3.6055512754639891,
    3.1622776601683795,
    3.1622776601683795,
    36.496575181789318,
    34.058772731852805,
    42.047592083257278,
    84.344531535838172,
    113.52973178863765,
    70.682388188289167,
    41.340053217188775,
    45.453272709454048,
    46.690470119715009,
    44.407206622349037,
    42.059481689626182,
    38.626415831655933,
    36.138621999185304,
    40.311288741492746
  ],
  [
    43.0,
    45.276925690687087,
    47.296934361541872,
    48.466483264210538,
    52.354560450833695,
    53.009433122794285,
    57.3149195236284,
    62.481997407253232,
    67.4166151627327,
    73.824115301167,
    84.118963379252364,
    81.394102980498531,
    80.156097709406993,
    80.156097709406993,
    81.394102980498531,
    84.118963379252364,
    88.141930997681229,
    69.6419413859206,
    61.073725938409879,
    56.586217403180434,
    51.61395160225576,
    1.0,
    1.0,
    1.0,
    1.0,
    1.0,
    1.0,
    1.0,
    1.0,
    1.0,
    1.4142135623730951,
    1.4142135623730951,
    1.4142135623730951,
    1.4142135623730951,
    75.153176912223742,
    97.718984849413985,
    35.510561809129406,
    33.060550509633082,
    42.047592083257278,
    78.262379212492633,
    113.52973178863765,
    72.917761896536561,
    39.11521443121589,
    42.638011210655684,
    45.276925690687087,
    44.407206622349037,
    42.059481689626182,
    38.626415831655933,
    36.138621999185304,
    39.319206502675
  ],
  [
    43.0,
    46.2709412050371,
    48.507731342539614,
    49.396356140913873,
    52.354560450833695,
    54.405882034941776,
    57.3149195236284,
    62.481997407253232,
    68.264192663504048,
    75.153176912223742,
    84.118963379252364,
    82.37718130647589,
    81.154174261093928,
    81.154174261093928,
    82.37718130647589,
    85.07055894961546,
    89.470665583754325,
    69.6419413859206,
    62.481997407253232,
    56.586217403180434,
    51.61395160225576,
    1.0,
    1.0,
    1.0,
    1.0,
    1.0,
    1.0,
    1.0,
    1.0,
    1.0,
    1.4142135623730951,
    1.4142135623730951,
    1.4142135623730951,
    1.4142135623730951,
    75.153176912223742,
    97.718984849413985,
    35.510561809129406,
    33.060550509633082,
    41.048751503547585,
    78.262379212492633,
    113.52973178863765,
    75.153176912223742,
    42.720018726587654,
    43.278170016764804,
    45.276925690687087,
    45.803929962395145,
    42.059481689626182,
    39.560080889704963,
    37.107950630558946,
    39.319206502675
  ],
  [
    47.0,
    47.381430961928537,
    48.507731342539614,
    50.328918128646478,
    53.712196007983138,
    58.008620049092706,
    62.968245965724662,
    68.8839603971781,
    76.8505042273634,
    82.764726786234249,
    78.746428490440124,
    76.2954782408499,
    75.1065909225016,
    75.1065909225016,
    76.2954782408499,
    78.746428490440124,
    63.976558206893252,
    57.982756057296896,
    54.671747731346578,
    50.931326312987373,
    48.010415536631214,
    46.529560496527367,
    46.238512086787566,
    44.384682042344295,
    44.283179650969061,
    45.0,
    43.289721643826724,
    41.231056256176608,
    40.853396431630991,
    39.824615503479755,
    45.803929962395145,
    53.075418038862395,
    65.299310869258036,
    82.680106434377549,
    100.64790112068906,
    39.849717690342551,
    38.639358172723313,
    78.10249675906654,
    111.22050170719426,
    80.4114419718985,
    48.383881613611777,
    48.332183894378289,
    46.324939287601879,
    42.638011210655684,
    39.6232255123179,
    38.013155617496423,
    39.824615503479755,
    43.08131845707603,
    45.354161881794269,
    46.2709412050371
  ],
  [
    47.0,
    47.381430961928537,
    48.507731342539614,
    50.328918128646478,
    54.589376255824725,
    58.008620049092706,
    62.968245965724662,
    68.8839603971781,
    76.8505042273634,
    83.6719785830358,
    79.6994353806851,
    77.278716345446625,
    76.105190361761785,
    76.105190361761785,
    77.278716345446625,
    79.6994353806851,
    63.976558206893252,
    57.982756057296896,
    54.671747731346578,
    50.931326312987373,
    48.010415536631214,
    46.529560496527367,
    46.238512086787566,
    45.354161881794269,
    45.276925690687087,
    45.0,
    44.283179650969061,
    42.201895692018383,
    40.853396431630991,
    39.824615503479755,
    44.407206622349037,
    53.075418038862395,
    64.660652641308843,
    82.680106434377549,
    100.64790112068906,
    39.849717690342551,
    38.639358172723313,
    76.105190361761785,
    111.22050170719426,
    80.4114419718985,
    48.383881613611777,
    48.332183894378289,
    46.324939287601879,
    42.638011210655684,
    39.6232255123179,
    38.013155617496423,
    39.824615503479755,
    43.08131845707603,
    45.354161881794269,
    46.2709412050371
  ]
]