[
  [
    38.0,
    37.215588131856791,
    38.078865529319543,
    39.560080889704963,
    42.059481689626182,
    45.803929962395145,
    52.3450093132096,
    59.665735560705194,
    74.625732827222535,
    72.917761896536561,
    72.422372233999624,
    70.213958726167832,
    69.1158447825099,
    66.121101019266163,
    61.98386886924694,
    58.821764679410968,
    42.047592083257278,
    35.510561809129406,
    32.649655434629018,
    31.144823004794873,
    32.202484376209235,
    33.120990323358392,
    33.241540277189323,
    34.928498393145958,
    37.215588131856791,
    40.0,
    43.289721643826724,
    46.324939287601879,
    48.466483264210538,
    49.244289008980523,
    51.61395160225576,
    60.141499815019579,
    67.475921631349351,
    69.6419413859206,
    63.071388124885914,
    66.098411478642959,
    61.98386886924694,
    62.072538211353979,
    60.074953183502359,
    54.918120870983927,
    54.405882034941776,
    51.894122981316485,
    49.396356140913873,
    46.861498055439924,
    45.276925690687087,
    42.201895692018383,
    39.824615503479755,
    38.626415831655933,
    38.078865529319543,
    38.2099463490856
  ],
  [
    37.0,
    37.215588131856791,
    37.107950630558946,
    38.626415831655933,
    39.824615503479755,
    44.407206622349037,
    50.24937810560445,
    56.080299571239813,
    68.264192663504048,
    71.589105316381762,
    71.470273540822546,
    69.2314957226839,
    68.117545463705611,
    63.126856408346519,
    60.016664352494629,
    57.56735185849702,
    42.047592083257278,
    35.510561809129406,
    31.240998703626616,
    30.4138126514911,
    30.805843601498726,
    31.76476034853718,
    32.310988842807021,
    33.955853692699293,
    36.221540552549669,
    39.0,
    42.2965719651132,
    46.324939287601879,
    48.466483264210538,
    49.244289008980523,
    50.219518117958877,
    58.728187440104094,
    66.068146636635717,
    68.264192663504048,
    62.649820430708338,
    65.145989899609319,
    61.0,
    61.073725938409879,
    60.074953183502359,
    54.918120870983927,
    53.450912059571067,
    51.894122981316485,
    48.548944375753422,
    46.227697325304881,
    43.863424398922618,
    40.80441152620633,
    39.824615503479755,
    38.626415831655933,
    37.107950630558946,
    37.215588131856791
  ],
  [
    38.0,
    38.2099463490856,
    38.078865529319543,
    39.560080889704963,
    41.182520563948,
    45.803929962395145,
    52.3450093132096,
    58.258046654518033,
    69.6419413859206,
    72.917761896536561,
    72.422372233999624,
    70.213958726167832,
    68.117545463705611,
    64.1248781675256,
    61.0,
    55.659680200302986,
    39.812058474788763,
    33.286633954186478,
    31.240998703626616,
    30.4138126514911,
    30.805843601498726,
    31.76476034853718,
    32.310988842807021,
    33.955853692699293,
    36.221540552549669,
    39.0,
    42.2965719651132,
    45.354161881794269,
    47.169905660283021,
    47.885279575251516,
    49.4064773081425,
    57.3149195236284,
    65.299310869258036,
    67.4166151627327,
    61.741396161732524,
    64.195015382816138,
    61.0,
    61.073725938409879,
    60.074953183502359,
    53.9351462406472,
    53.450912059571067,
    51.894122981316485,
    48.548944375753422,
    46.861498055439924,
    43.863424398922618,
    42.201895692018383,
    39.824615503479755,
    38.626415831655933,
    38.078865529319543,
    38.2099463490856
  ],
  [
    38.0,
    37.215588131856791,
    38.078865529319543,
    38.626415831655933,
    41.182520563948,
    45.803929962395145,
    50.24937810560445,
    58.258046654518033,
    69.6419413859206,
    71.589105316381762,
    71.470273540822546,
    69.2314957226839,
    68.117545463705611,
    63.126856408346519,
    60.016664352494629,
    56.612719418872643,
    39.812058474788763,
    33.286633954186478,
    31.240998703626616,
    30.4138126514911,
    30.805843601498726,
    31.76476034853718,
    32.310988842807021,
    32.984845004941285,
    35.227829907617071,
    38.0,
    41.303752856126764,
    45.354161881794269,
    47.169905660283021,
    49.244289008980523,
    49.4064773081425,
    57.3149195236284,
    66.068146636635717,
    69.6419413859206,
    62.649820430708338,
    66.098411478642959,
    61.98386886924694,
    62.072538211353979,
    61.073725938409879,
    54.918120870983927,
    54.405882034941776,
    51.894122981316485,
    49.396356140913873,
    46.861498055439924,
    43.863424398922618,
    42.201895692018383,
    39.824615503479755,
    38.626415831655933,
    38.078865529319543,
    38.2099463490856
  ],
  [
    37.0,
    37.215588131856791,
    38.078865529319543,
    38.626415831655933,
    41.182520563948,
    44.407206622349037,
    50.24937810560445,
    56.850681614207581,
    68.264192663504048,
    71.589105316381762,
    70.213958726167832,
    69.2314957226839,
    68.117545463705611,
    63.126856408346519,
    59.033888572581766,
    55.659680200302986,
    39.812058474788763,
    33.286633954186478,
    31.240998703626616,
    30.4138126514911,
    30.805843601498726,
    30.4138126514911,
    32.310988842807021,
    32.984845004941285,
    35.227829907617071,
    38.0,
    41.303752856126764,
    45.354161881794269,
    47.169905660283021,
    47.885279575251516,
    49.4064773081425,
    57.3149195236284,
    65.299310869258036,
    68.264192663504048,
    61.741396161732524,
    65.145989899609319,
    61.98386886924694,
    61.073725938409879,
    60.074953183502359,
    53.9351462406472,
    54.405882034941776,
    51.894122981316485,
    48.548944375753422,
    46.227697325304881,
    43.863424398922618,
    42.201895692018383,
    39.824615503479755,
    38.626415831655933,
    38.078865529319543,
    37.215588131856791
  ],
  [
    37.0,
    37.215588131856791,
    38.078865529319543,
    38.626415831655933,
    41.182520563948,
    45.803929962395145,
    50.24937810560445,
    58.258046654518033,
    69.6419413859206,
    72.917761896536561,
    72.422372233999624,
    70.213958726167832,
    69.1158447825099,
    64.1248781675256,
    60.016664352494629,
    57.56735185849702,
    39.812058474788763,
    33.286633954186478,
    31.240998703626616,
    30.4138126514911,
    30.805843601498726,
    31.76476034853718,
    32.310988842807021,
    33.955853692699293,
    36.221540552549669,
    39.0,
    42.2965719651132,
    45.354161881794269,
    47.169905660283021,
    49.244289008980523,
    49.4064773081425,
    57.3149195236284,
    65.299310869258036,
    68.264192663504048,
    61.741396161732524,
    65.145989899609319,
    61.98386886924694,
    61.073725938409879,
    60.074953183502359,
    52.773099207835045,
    53.450912059571067,
    51.894122981316485,
    48.548944375753422,
    45.453272709454048,
    43.863424398922618,
    42.201895692018383,
    38.470768123342687,
    38.626415831655933,
    38.078865529319543,
    37.215588131856791
  ],
  [
    36.0,
    36.221540552549669,
    37.107950630558946,
    38.626415831655933,
    42.059481689626182,
    46.61544808322666,
    54.488530903301111,
    61.073725938409879,
    69.6419413859206,
    70.682388188289167,
    68.308125431752259,
    67.082039324993687,
    64.1248781675256,
    60.074953183502359,
    58.051701094799967,
    45.221676218380054,
    37.576588456111871,
    33.286633954186478,
    31.240998703626616,
    30.4138126514911,
    32.202484376209235,
    33.120990323358392,
    34.176014981270121,
    36.138621999185304,
    39.319206502675,
    42.0,
    44.283179650969061,
    47.296934361541872,
    48.466483264210538,
    49.244289008980523,
    55.21775076911409,
    64.381674411279491,
    68.249542123006222,
    65.192024052026483,
    63.976558206893252,
    62.936475910238251,
    60.016664352494629,
    59.076221950967721,
    54.083269131959838,
    53.9351462406472,
    51.546095875439491,
    48.332183894378289,
    46.324939287601879,
    43.278170016764804,
    42.449970553582247,
    39.408120990476064,
    37.589892258425,
    37.336309405188942,
    36.138621999185304,
    36.221540552549669
  ],
  [
    41.0,
    46.2709412050371,
    50.447993022517757,
    53.488316481265329,
    59.0592922409336,
    65.215028942721474,
    74.276510418839678,
    80.2807573457052,
    73.246160308919954,
    68.4470598345904,
    65.145989899609319,
    62.968245965724662,
    62.072538211353979,
    62.072538211353979,
    59.033888572581766,
    55.659680200302986,
    51.894122981316485,
    39.962482405376171,
    34.058772731852805,
    32.557641192199412,
    32.202484376209235,
    33.120990323358392,
    34.176014981270121,
    36.138621999185304,
    39.319206502675,
    43.0,
    48.373546489791295,
    52.630789467763066,
    54.78138369920935,
    55.946402922797461,
    60.21627686929839,
    71.449282711585,
    75.286120898874842,
    68.264192663504048,
    70.682388188289167,
    66.098411478642959,
    66.098411478642959,
    61.073725938409879,
    58.077534382926416,
    54.918120870983927,
    51.546095875439491,
    47.4236228055175,
    44.10215414239989,
    40.459856648287818,
    38.2099463490856,
    35.805027579936315,
    35.355339059327378,
    34.176014981270121,
    36.138621999185304,
    37.215588131856791
  ],
  [
    38.0,
    37.215588131856791,
    38.078865529319543,
    39.560080889704963,
    42.059481689626182,
    44.407206622349037,
    50.24937810560445,
    59.665735560705194,
    68.264192663504048,
    73.824115301167,
    70.213958726167832,
    68.066144300966542,
    67.119296778199342,
    67.119296778199342,
    68.066144300966542,
    68.308125431752259,
    65.30696746902278,
    63.812224534175265,
    54.671747731346578,
    48.104053883222775,
    42.201895692018383,
    37.589892258425,
    36.400549446402593,
    36.138621999185304,
    36.221540552549669,
    38.0,
    39.319206502675,
    41.231056256176608,
    43.08131845707603,
    45.650848842053307,
    49.4064773081425,
    53.075418038862395,
    54.671747731346578,
    55.758407437802596,
    63.071388124885914,
    71.470273540822546,
    75.312681535050928,
    74.108029254595621,
    68.117545463705611,
    68.066144300966542,
    62.936475910238251,
    62.649820430708338,
    59.363288318623319,
    51.855568649856693,
    50.24937810560445,
    49.4064773081425,
    46.529560496527367,
    44.011362169330773,
    42.201895692018383,
    40.311288741492746
  ],
  [
    41.0,
    39.319206502675,
    38.078865529319543,
    37.336309405188942,
    37.589892258425,
    37.20215047547655,
    39.6232255123179,
    41.231056256176608,
    46.324939287601879,
    54.12947441089743,
    71.470273540822546,
    69.2314957226839,
    68.117545463705611,
    68.117545463705611,
    69.2314957226839,
    71.470273540822546,
    69.354163537598808,
    67.4166151627327,
    59.665735560705194,
    50.24937810560445,
    43.011626335213137,
    37.589892258425,
    35.4682957019364,
    34.928498393145958,
    34.23448553724738,
    35.0,
    35.227829907617071,
    36.138621999185304,
    37.336309405188942,
    39.824615503479755,
    43.011626335213137,
    46.690470119715009,
    50.447993022517757,
    50.774009099144415,
    51.894122981316485,
    54.405882034941776,
    64.132674979295857,
    74.108029254595621,
    75.1065909225016,
    66.098411478642959,
    68.308125431752259,
    63.071388124885914,
    62.433965115151864,
    60.440052945046304,
    52.3450093132096,
    51.61395160225576,
    49.244289008980523,
    47.169905660283021,
    44.384682042344295,
    42.2965719651132
  ],
  [
    42.0,
    39.319206502675,
    38.078865529319543,
    38.626415831655933,
    37.589892258425,
    37.20215047547655,
    37.483329627982627,
    38.418745424597091,
    41.340053217188775,
    44.283179650969061,
    55.659680200302986,
    70.213958726167832,
    70.114192571832419,
    70.114192571832419,
    71.196910045310247,
    70.213958726167832,
    68.4470598345904,
    67.4166151627327,
    56.080299571239813,
    48.104053883222775,
    40.80441152620633,
    37.589892258425,
    35.4682957019364,
    33.955853692699293,
    34.23448553724738,
    35.0,
    35.227829907617071,
    36.138621999185304,
    37.336309405188942,
    39.824615503479755,
    42.201895692018383,
    45.276925690687087,
    48.270073544588683,
    48.548944375753422,
    49.658836071740545,
    52.497618993626752,
    64.132674979295857,
    72.111025509279784,
    72.111025509279784,
    62.968245965724662,
    66.098411478642959,
    61.741396161732524,
    60.207972893961475,
    59.665735560705194,
    52.3450093132096,
    50.219518117958877,
    49.244289008980523,
    47.169905660283021,
    45.354161881794269,
    43.289721643826724
  ],
  [
    40.0,
    39.319206502675,
    40.26164427839479,
    39.560080889704963,
    39.824615503479755,
    40.80441152620633,
    43.863424398922618,
    46.861498055439924,
    52.153619241621193,
    61.741396161732524,
    72.422372233999624,
    72.180329730474355,
    71.112586790244109,
    70.114192571832419,
    66.098411478642959,
    64.195015382816138,
    56.36488268416781,
    42.720018726587654,
    34.828149534535996,
    33.97057550292606,
    34.409301068170507,
    34.0,
    34.176014981270121,
    34.928498393145958,
    36.221540552549669,
    37.0,
    39.319206502675,
    42.201895692018383,
    44.011362169330773,
    45.650848842053307,
    45.803929962395145,
    46.690470119715009,
    50.447993022517757,
    61.587336360651285,
    70.682388188289167,
    69.260378283691168,
    59.033888572581766,
    62.072538211353979,
    16.0312195418814,
    15.132745950421556,
    14.560219778561036,
    14.317821063276353,
    15.264337522473747,
    49.040799340956916,
    49.51767361255979,
    48.010415536631214,
    45.650848842053307,
    44.011362169330773,
    42.201895692018383,
    40.311288741492746
  ],
  [
    39.0,
    39.319206502675,
    39.05124837953327,
    39.560080889704963,
    41.182520563948,
    43.011626335213137,
    48.104053883222775,
    51.855568649856693,
    59.363288318623319,
    70.682388188289167,
    74.632432628181164,
    73.16419889536138,
    72.111025509279784,
    69.1158447825099,
    65.115282384398824,
    61.98386886924694,
    44.283179650969061,
    37.735924528226413,
    32.649655434629018,
    32.557641192199412,
    32.202484376209235,
    33.120990323358392,
    33.241540277189323,
    33.955853692699293,
    36.221540552549669,
    38.0,
    40.311288741492746,
    43.174066289845804,
    44.944410108488462,
    45.650848842053307,
    46.61544808322666,
    46.690470119715009,
    58.258046654518033,
    69.6419413859206,
    70.682388188289167,
    60.728905802755904,
    65.115282384398824,
    62.072538211353979,
    58.077534382926416,
    60.016664352494629,
    56.612719418872643,
    50.566787519082126,
    50.774009099144415,
    50.447993022517757,
    48.104053883222775,
    44.407206622349037,
    43.416586692184822,
    40.853396431630991,
    39.05124837953327,
    39.319206502675
  ],
  [
    38.0,
    38.2099463490856,
    38.078865529319543,
    38.626415831655933,
    39.824615503479755,
    42.201895692018383,
    46.690470119715009,
    50.447993022517757,
    57.140178508646613,
    72.917761896536561,
    73.375745311376562,
    72.180329730474355,
    71.112586790244109,
    68.117545463705611,
    64.132674979295857,
    61.98386886924694,
    46.518813398452032,
    37.735924528226413,
    32.649655434629018,
    32.557641192199412,
    32.202484376209235,
    33.120990323358392,
    33.241540277189323,
    33.955853692699293,
    36.221540552549669,
    38.0,
    41.303752856126764,
    43.174066289845804,
    46.238512086787566,
    46.529560496527367,
    48.010415536631214,
    48.104053883222775,
    59.665735560705194,
    71.021123618258812,
    71.589105316381762,
    61.98386886924694,
    66.098411478642959,
    62.072538211353979,
    60.074953183502359,
    61.0,
    55.659680200302986,
    51.894122981316485,
    50.774009099144415,
    49.040799340956916,
    46.690470119715009,
    44.407206622349037,
    42.059481689626182,
    39.560080889704963,
    39.05124837953327,
    38.2099463490856
  ],
  [
    36.0,
    36.221540552549669,
    37.107950630558946,
    38.626415831655933,
    41.182520563948,
    44.407206622349037,
    49.51767361255979,
    53.2634959423431,
    65.192024052026483,
    66.2117814289874,
    65.145989899609319,
    61.98386886924694,
    57.078892771321343,
    55.081757415681643,
    52.773099207835045,
    45.221676218380054,
    35.341194094144583,
    29.681644159311659,
    28.42534080710379,
    27.586228448267445,
    28.600699292150182,
    29.5296461204668,
    30.083217912982647,
    32.015621187164243,
    34.23448553724738,
    38.0,
    41.303752856126764,
    44.384682042344295,
    44.944410108488462,
    46.529560496527367,
    48.010415536631214,
    53.075418038862395,
    64.660652641308843,
    66.037867924396224,
    54.12947441089743,
    56.612719418872643,
    54.918120870983927,
    50.089919145472777,
    50.089919145472777,
    48.836461788299118,
    43.965895873961216,
    44.283179650969061,
    44.10215414239989,
    42.638011210655684,
    41.036569057366385,
    39.408120990476064,
    37.589892258425,
    36.400549446402593,
    36.138621999185304,
    36.221540552549669
  ],
  [
    39.0,
    41.303752856126764,
    44.384682042344295,
    47.169905660283021,
    55.470712993434653,
    61.611687202997452,
    69.354163537598808,
    76.694197955256044,
    69.6419413859206,
    65.30696746902278,
    61.98386886924694,
    60.016664352494629,
    59.076221950967721,
    59.076221950967721,
    54.918120870983927,
    51.546095875439491,
    50.566787519082126,
    41.340053217188775,
    34.058772731852805,
    30.4138126514911,
    29.410882339705484,
    29.5296461204668,
    30.083217912982647,
    32.015621187164243,
    35.227829907617071,
    42.0,
    47.381430961928537,
    50.447993022517757,
    53.488316481265329,
    54.589376255824725,
    56.612719418872643,
    61.554853586049575,
    75.286120898874842,
    74.625732827222535,
    65.30696746902278,
    65.145989899609319,
    58.051701094799967,
    58.077534382926416,
    54.083269131959838,
    49.8196748283246,
    49.33558553417604,
    47.4236228055175,
    43.56604182158393,
    42.638011210655684,
    38.2099463490856,
    37.20215047547655,
    35.355339059327378,
    35.4682957019364,
    34.928498393145958,
    36.221540552549669
  ],
  [
    40.0,
    42.2965719651132,
    46.324939287601879,
    49.396356140913873,
    56.824290580701486,
    63.007936008093459,
    74.276510418839678,
    78.87331614684399,
    72.401657439591816,
    67.119296778199342,
    64.195015382816138,
    61.98386886924694,
    61.073725938409879,
    61.073725938409879,
    58.051701094799967,
    55.659680200302986,
    52.801515129776341,
    44.10215414239989,
    37.643060449437421,
    32.557641192199412,
    29.410882339705484,
    29.5296461204668,
    31.016124838541646,
    32.015621187164243,
    35.227829907617071,
    44.0,
    49.365980188789933,
    51.419840528729765,
    53.488316481265329,
    54.589376255824725,
    56.612719418872643,
    58.728187440104094,
    72.47068372797375,
    78.230428862431779,
    71.589105316381762,
    67.357256476195644,
    61.98386886924694,
    59.076221950967721,
    57.078892771321343,
    50.803543183522152,
    50.289163842720633,
    49.658836071740545,
    46.324939287601879,
    44.045431091090478,
    41.036569057366385,
    39.408120990476064,
    37.589892258425,
    38.626415831655933,
    38.078865529319543,
    39.319206502675
  ],
  [
    34.0,
    33.241540277189323,
    33.955853692699293,
    35.4682957019364,
    38.470768123342687,
    42.201895692018383,
    49.51767361255979,
    56.080299571239813,
    70.178344238091,
    83.6719785830358,
    86.023252670426274,
    78.262379212492633,
    61.073725938409879,
    53.084837759947987,
    49.8196748283246,
    49.33558553417604,
    42.047592083257278,
    35.510561809129406,
    29.832867780352597,
    27.586228448267445,
    27.202941017470888,
    28.178005607210743,
    29.154759474226502,
    30.805843601498726,
    33.241540277189323,
    36.0,
    40.311288741492746,
    45.354161881794269,
    49.396356140913873,
    51.478150704935004,
    53.009433122794285,
    54.488530903301111,
    65.299310869258036,
    75.471849056452825,
    72.917761896536561,
    65.145989899609319,
    62.968245965724662,
    57.078892771321343,
    57.078892771321343,
    53.9351462406472,
    49.33558553417604,
    49.658836071740545,
    48.548944375753422,
    45.453272709454048,
    43.863424398922618,
    40.80441152620633,
    37.589892258425,
    36.400549446402593,
    34.928498393145958,
    34.23448553724738
  ],
  [
    37.0,
    37.215588131856791,
    38.078865529319543,
    39.560080889704963,
    41.182520563948,
    44.407206622349037,
    48.104053883222775,
    54.671747731346578,
    63.812224534175265,
    65.30696746902278,
    64.195015382816138,
    61.98386886924694,
    57.078892771321343,
    56.080299571239813,
    55.901699437494742,
    43.965895873961216,
    35.341194094144583,
    30.528675044947494,
    29.832867780352597,
    30.4138126514911,
    30.805843601498726,
    30.4138126514911,
    32.310988842807021,
    32.984845004941285,
    35.227829907617071,
    38.0,
    41.303752856126764,
    43.174066289845804,
    43.08131845707603,
    44.294469180700204,
    45.803929962395145,
    50.24937810560445,
    61.073725938409879,
    65.192024052026483,
    60.415229867972862,
    55.659680200302986,
    53.9351462406472,
    50.089919145472777,
    48.093658625644196,
    48.836461788299118,
    45.221676218380054,
    13.0,
    13.038404810405298,
    43.278170016764804,
    13.45362404707371,
    42.201895692018383,
    41.182520563948,
    38.626415831655933,
    38.078865529319543,
    37.215588131856791
  ],
  [
    38.0,
    37.215588131856791,
    37.107950630558946,
    37.336309405188942,
    38.470768123342687,
    40.80441152620633,
    43.863424398922618,
    46.861498055439924,
    54.378304497290095,
    62.649820430708338,
    61.032778078668514,
    61.98386886924694,
    58.077534382926416,
    57.078892771321343,
    55.901699437494742,
    55.659680200302986,
    42.953463189829058,
    33.286633954186478,
    32.649655434629018,
    33.241540277189323,
    33.015148038438355,
    33.120990323358392,
    33.241540277189323,
    34.928498393145958,
    36.221540552549669,
    38.0,
    41.303752856126764,
    42.201895692018383,
    43.08131845707603,
    43.416586692184822,
    44.407206622349037,
    45.276925690687087,
    53.2634959423431,
    62.433965115151864,
    65.30696746902278,
    59.774576535513823,
    50.803543183522152,
    50.089919145472777,
    48.093658625644196,
    43.737855457258078,
    45.221676218380054,
    44.283179650969061,
    42.720018726587654,
    43.278170016764804,
    45.276925690687087,
    8.6023252670426267,
    43.416586692184822,
    41.785164831552358,
    40.26164427839479,
    38.2099463490856
  ],
  [
    39.0,
    38.2099463490856,
    38.078865529319543,
    38.626415831655933,
    39.824615503479755,
    42.201895692018383,
    43.863424398922618,
    48.270073544588683,
    55.758407437802596,
    62.649820430708338,
    61.98386886924694,
    61.98386886924694,
    58.077534382926416,
    57.078892771321343,
    55.901699437494742,
    55.659680200302986,
    42.047592083257278,
    33.286633954186478,
    32.649655434629018,
    32.557641192199412,
    33.015148038438355,
    33.120990323358392,
    33.241540277189323,
    34.928498393145958,
    36.221540552549669,
    38.0,
    41.303752856126764,
    42.201895692018383,
    43.08131845707603,
    43.416586692184822,
    44.407206622349037,
    45.276925690687087,
    53.2634959423431,
    11.661903789690601,
    11.180339887498949,
    59.774576535513823,
    50.803543183522152,
    50.089919145472777,
    48.093658625644196,
    43.737855457258078,
    45.221676218380054,
    44.283179650969061,
    42.720018726587654,
    44.045431091090478,
    45.276925690687087,
    8.6023252670426267,
    10.295630140987,
    43.08131845707603,
    41.231056256176608,
    39.319206502675
  ],
  [
    38.0,
    38.2099463490856,
    15.297058540778355,
    38.626415831655933,
    39.824615503479755,
    40.80441152620633,
    43.863424398922618,
    48.270073544588683,
    54.378304497290095,
    62.649820430708338,
    61.032778078668514,
    61.98386886924694,
    59.076221950967721,
    57.078892771321343,
    56.885850613311568,
    55.659680200302986,
    42.047592083257278,
    34.132096331752024,
    33.421549934136806,
    33.241540277189323,
    34.409301068170507,
    34.0,
    34.176014981270121,
    36.138621999185304,
    37.215588131856791,
    39.0,
    41.303752856126764,
    43.174066289845804,
    43.08131845707603,
    43.416586692184822,
    42.201895692018383,
    13.45362404707371,
    53.2634959423431,
    62.433965115151864,
    63.976558206893252,
    9.4868329805051381,
    49.8196748283246,
    49.091750834534309,
    47.095647357266465,
    42.7551166528639,
    43.965895873961216,
    44.283179650969061,
    42.720018726587654,
    42.638011210655684,
    45.276925690687087,
    44.407206622349037,
    43.416586692184822,
    8.54400374531753,
    41.231056256176608,
    39.319206502675
  ],
  [
    5.0,
    5.0,
    7.0710678118654755,
    38.626415831655933,
    13.416407864998739,
    39.408120990476064,
    42.449970553582247,
    45.453272709454048,
    52.153619241621193,
    59.506302187247357,
    58.821764679410968,
    60.016664352494629,
    57.078892771321343,
    56.080299571239813,
    54.918120870983927,
    55.659680200302986,
    46.518813398452032,
    34.132096331752024,
    34.058772731852805,
    35.383612025908263,
    34.409301068170507,
    35.355339059327378,
    35.4682957019364,
    36.138621999185304,
    38.2099463490856,
    40.0,
    42.2965719651132,
    43.174066289845804,
    43.08131845707603,
    8.06225774829855,
    6.4031242374328485,
    5.6568542494923806,
    51.855568649856693,
    60.207972893961475,
    61.741396161732524,
    58.821764679410968,
    48.836461788299118,
    48.093658625644196,
    47.095647357266465,
    44.721359549995796,
    42.059481689626182,
    42.953463189829058,
    43.56604182158393,
    43.278170016764804,
    45.276925690687087,
    45.803929962395145,
    44.294469180700204,
    44.011362169330773,
    42.201895692018383,
    5.0
  ],
  [
    7.0,
    39.319206502675,
    39.05124837953327,
    38.626415831655933,
    15.652475842498529,
    39.408120990476064,
    42.449970553582247,
    45.453272709454048,
    52.153619241621193,
    60.415229867972862,
    58.821764679410968,
    61.0,
    58.077534382926416,
    56.080299571239813,
    55.901699437494742,
    55.659680200302986,
    46.518813398452032,
    34.132096331752024,
    33.421549934136806,
    33.97057550292606,
    34.409301068170507,
    34.0,
    35.4682957019364,
    36.138621999185304,
    37.215588131856791,
    39.0,
    41.303752856126764,
    43.174066289845804,
    43.08131845707603,
    43.416586692184822,
    8.6023252670426267,
    7.0710678118654755,
    6.4031242374328485,
    59.363288318623319,
    62.649820430708338,
    60.728905802755904,
    50.803543183522152,
    49.091750834534309,
    48.093658625644196,
    45.705579528105758,
    43.011626335213137,
    44.283179650969061,
    44.10215414239989,
    44.045431091090478,
    45.276925690687087,
    46.61544808322666,
    45.650848842053307,
    44.011362169330773,
    5.0990195135927845,
    41.303752856126764
  ],
  [
    39.0,
    37.215588131856791,
    36.138621999185304,
    35.4682957019364,
    35.355339059327378,
    34.409301068170507,
    35.383612025908263,
    37.643060449437421,
    39.962482405376171,
    45.188494110780013,
    58.821764679410968,
    60.016664352494629,
    62.072538211353979,
    62.072538211353979,
    61.0,
    60.728905802755904,
    61.741396161732524,
    57.140178508646613,
    48.270073544588683,
    39.6232255123179,
    34.409301068170507,
    33.120990323358392,
    32.310988842807021,
    32.015621187164243,
    31.256999216175569,
    32.0,
    33.241540277189323,
    33.955853692699293,
    35.4682957019364,
    37.589892258425,
    40.80441152620633,
    43.863424398922618,
    44.045431091090478,
    46.324939287601879,
    46.518813398452032,
    51.546095875439491,
    60.016664352494629,
    65.12296062065974,
    65.12296062065974,
    53.9351462406472,
    55.659680200302986,
    52.801515129776341,
    48.548944375753422,
    49.040799340956916,
    45.276925690687087,
    13.601470508735444,
    42.059481689626182,
    43.08131845707603,
    41.231056256176608,
    39.319206502675
  ],
  [
    40.0,
    38.2099463490856,
    36.138621999185304,
    35.4682957019364,
    35.355339059327378,
    35.805027579936315,
    36.069377593742864,
    37.643060449437421,
    41.340053217188775,
    46.518813398452032,
    58.821764679410968,
    60.016664352494629,
    62.072538211353979,
    63.126856408346519,
    61.0,
    59.774576535513823,
    61.741396161732524,
    57.140178508646613,
    46.861498055439924,
    39.6232255123179,
    34.409301068170507,
    31.76476034853718,
    31.016124838541646,
    30.805843601498726,
    31.256999216175569,
    32.0,
    32.2490309931942,
    33.955853692699293,
    35.4682957019364,
    37.589892258425,
    40.80441152620633,
    43.863424398922618,
    44.045431091090478,
    44.944410108488462,
    46.518813398452032,
    51.546095875439491,
    60.016664352494629,
    65.12296062065974,
    65.12296062065974,
    53.9351462406472,
    55.659680200302986,
    52.801515129776341,
    48.548944375753422,
    49.040799340956916,
    45.276925690687087,
    13.601470508735444,
    43.416586692184822,
    43.08131845707603,
    41.231056256176608,
    39.319206502675
  ],
  [
    39.0,
    37.215588131856791,
    36.138621999185304,
    35.4682957019364,
    35.355339059327378,
    35.805027579936315,
    37.483329627982627,
    38.418745424597091,
    41.340053217188775,
    46.518813398452032,
    61.98386886924694,
    61.0,
    63.126856408346519,
    64.1248781675256,
    61.0,
    60.728905802755904,
    61.741396161732524,
    55.758407437802596,
    45.453272709454048,
    38.2099463490856,
    34.409301068170507,
    31.76476034853718,
    31.016124838541646,
    30.805843601498726,
    31.256999216175569,
    32.0,
    33.241540277189323,
    33.955853692699293,
    35.4682957019364,
    38.470768123342687,
    42.201895692018383,
    43.863424398922618,
    45.453272709454048,
    46.324939287601879,
    46.518813398452032,
    55.659680200302986,
    61.98386886924694,
    65.12296062065974,
    63.126856408346519,
    54.918120870983927,
    55.659680200302986,
    49.658836071740545,
    49.396356140913873,
    48.270073544588683,
    13.45362404707371,
    42.201895692018383,
    43.416586692184822,
    41.785164831552358,
    41.231056256176608,
    39.319206502675
  ],
  [
    43.0,
    41.303752856126764,
    41.231056256176608,
    40.853396431630991,
    41.182520563948,
    42.201895692018383,
    43.863424398922618,
    48.270073544588683,
    54.378304497290095,
    65.30696746902278,
    67.357256476195644,
    68.066144300966542,
    67.119296778199342,
    63.126856408346519,
    62.968245965724662,
    61.98386886924694,
    46.518813398452032,
    37.735924528226413,
    33.421549934136806,
    32.557641192199412,
    32.202484376209235,
    33.120990323358392,
    33.241540277189323,
    34.928498393145958,
    37.215588131856791,
    39.0,
    43.289721643826724,
    45.354161881794269,
    47.169905660283021,
    50.119856344566671,
    54.405882034941776,
    58.728187440104094,
    32.649655434629018,
    30.528675044947494,
    39.812058474788763,
    48.383881613611777,
    58.051701094799967,
    61.073725938409879,
    61.073725938409879,
    51.788029504896208,
    51.546095875439491,
    46.518813398452032,
    49.396356140913873,
    48.270073544588683,
    45.276925690687087,
    44.407206622349037,
    45.650848842053307,
    46.238512086787566,
    45.354161881794269,
    44.283179650969061
  ],
  [
    38.0,
    38.2099463490856,
    40.26164427839479,
    43.08131845707603,
    45.650848842053307,
    49.4064773081425,
    54.488530903301111,
    61.073725938409879,
    67.4166151627327,
    63.976558206893252,
    62.936475910238251,
    58.051701094799967,
    55.081757415681643,
    53.084837759947987,
    45.705579528105758,
    33.526109228480422,
    29.546573405388315,
    27.459060435491963,
    26.248809496813376,
    26.1725046566048,
    27.202941017470888,
    27.294688127912362,
    29.154759474226502,
    30.805843601498726,
    33.241540277189323,
    36.0,
    40.311288741492746,
    45.354161881794269,
    53.488316481265329,
    62.649820430708338,
    62.201286160335947,
    61.554853586049575,
    62.481997407253232,
    57.140178508646613,
    52.801515129776341,
    49.33558553417604,
    47.675989764240867,
    44.045431091090478,
    45.044422518220834,
    45.705579528105758,
    43.011626335213137,
    41.6293165929973,
    43.56604182158393,
    44.045431091090478,
    42.449970553582247,
    42.201895692018383,
    39.824615503479755,
    38.626415831655933,
    38.078865529319543,
    37.215588131856791
  ],
  [
    37.0,
    38.2099463490856,
    40.26164427839479,
    41.785164831552358,
    45.650848842053307,
    49.4064773081425,
    54.488530903301111,
    61.073725938409879,
    66.037867924396224,
    63.071388124885914,
    62.936475910238251,
    58.051701094799967,
    55.081757415681643,
    53.084837759947987,
    42.7551166528639,
    34.481879299133332,
    29.546573405388315,
    27.459060435491963,
    26.248809496813376,
    26.1725046566048,
    27.202941017470888,
    28.178005607210743,
    29.154759474226502,
    32.015621187164243,
    34.23448553724738,
    37.0,
    41.303752856126764,
    47.296934361541872,
    57.0087712549569,
    63.529520697074361,
    61.611687202997452,
    61.554853586049575,
    62.481997407253232,
    56.603886792339623,
    48.332183894378289,
    48.383881613611777,
    46.690470119715009,
    44.045431091090478,
    45.044422518220834,
    44.721359549995796,
    42.059481689626182,
    41.6293165929973,
    42.720018726587654,
    42.638011210655684,
    41.036569057366385,
    42.201895692018383,
    38.470768123342687,
    37.336309405188942,
    37.107950630558946,
    37.215588131856791
  ],
  [
    38.0,
    38.2099463490856,
    40.26164427839479,
    43.08131845707603,
    46.529560496527367,
    50.219518117958877,
    57.3149195236284,
    61.073725938409879,
    65.192024052026483,
    63.071388124885914,
    61.98386886924694,
    56.885850613311568,
    54.083269131959838,
    53.084837759947987,
    42.7551166528639,
    33.526109228480422,
    28.635642126552707,
    27.459060435491963,
    26.248809496813376,
    26.1725046566048,
    27.202941017470888,
    27.294688127912362,
    29.154759474226502,
    30.805843601498726,
    34.23448553724738,
    37.0,
    41.303752856126764,
    47.296934361541872,
    57.9396237474839,
    63.529520697074361,
    61.611687202997452,
    61.554853586049575,
    62.481997407253232,
    56.603886792339623,
    48.332183894378289,
    49.33558553417604,
    46.690470119715009,
    44.045431091090478,
    45.044422518220834,
    44.721359549995796,
    42.059481689626182,
    41.6293165929973,
    42.720018726587654,
    43.278170016764804,
    41.036569057366385,
    42.201895692018383,
    38.470768123342687,
    37.336309405188942,
    37.107950630558946,
    37.215588131856791
  ],
  [
    38.0,
    39.319206502675,
    41.231056256176608,
    44.011362169330773,
    46.529560496527367,
    51.61395160225576,
    58.728187440104094,
    62.481997407253232,
    66.037867924396224,
    65.30696746902278,
    62.936475910238251,
    56.885850613311568,
    54.083269131959838,
    53.084837759947987,
    38.639358172723313,
    32.572994949804659,
    28.635642126552707,
    27.459060435491963,
    26.248809496813376,
    26.1725046566048,
    27.202941017470888,
    28.178005607210743,
    29.154759474226502,
    30.805843601498726,
    33.241540277189323,
    37.0,
    41.303752856126764,
    47.296934361541872,
    57.0087712549569,
    62.649820430708338,
    60.21627686929839,
    60.141499815019579,
    60.440052945046304,
    55.758407437802596,
    47.4236228055175,
    48.383881613611777,
    46.690470119715009,
    43.046486500061768,
    44.045431091090478,
    43.737855457258078,
    42.059481689626182,
    41.6293165929973,
    42.720018726587654,
    43.278170016764804,
    41.036569057366385,
    42.201895692018383,
    39.824615503479755,
    38.626415831655933,
    38.078865529319543,
    38.2099463490856
  ],
  [
    39.0,
    40.311288741492746,
    42.201895692018383,
    44.944410108488462,
    49.244289008980523,
    53.009433122794285,
    61.554853586049575,
    67.475921631349351,
    63.812224534175265,
    63.976558206893252,
    58.821764679410968,
    54.918120870983927,
    52.086466572421671,
    51.088159097779204,
    35.510561809129406,
    30.364452901377952,
    27.313000567495326,
    26.076809620810597,
    25.612496949731394,
    26.1725046566048,
    27.202941017470888,
    29.5296461204668,
    31.016124838541646,
    33.955853692699293,
    38.2099463490856,
    42.0,
    48.373546489791295,
    57.723478758647246,
    63.324560795950255,
    61.294371682887821,
    61.611687202997452,
    62.241465278381739,
    56.080299571239813,
    49.396356140913873,
    48.332183894378289,
    47.127486671792717,
    42.7551166528639,
    45.044422518220834,
    45.044422518220834,
    41.593268686170845,
    40.80441152620633,
    41.6293165929973,
    42.720018726587654,
    42.638011210655684,
    42.449970553582247,
    40.80441152620633,
    38.470768123342687,
    38.626415831655933,
    38.078865529319543,
    38.2099463490856
  ],
  [
    40.0,
    41.303752856126764,
    43.174066289845804,
    47.169905660283021,
    50.119856344566671,
    55.21775076911409,
    61.554853586049575,
    67.475921631349351,
    63.812224534175265,
    61.741396161732524,
    56.612719418872643,
    52.773099207835045,
    50.089919145472777,
    47.095647357266465,
    32.557641192199412,
    29.410882339705484,
    26.40075756488817,
    24.698178070456937,
    25.612496949731394,
    26.1725046566048,
    27.202941017470888,
    29.5296461204668,
    32.310988842807021,
    36.138621999185304,
    39.319206502675,
    45.0,
    53.338541412378348,
    61.846584384264908,
    62.393909959225986,
    60.415229867972862,
    61.611687202997452,
    56.586217403180434,
    53.2634959423431,
    48.548944375753422,
    47.4236228055175,
    43.965895873961216,
    44.721359549995796,
    45.044422518220834,
    43.046486500061768,
    40.607881008493905,
    42.059481689626182,
    42.047592083257278,
    42.720018726587654,
    40.459856648287818,
    41.036569057366385,
    39.408120990476064,
    37.589892258425,
    38.626415831655933,
    38.078865529319543,
    38.2099463490856
  ],
  [
    37.0,
    38.2099463490856,
    41.231056256176608,
    44.011362169330773,
    46.529560496527367,
    55.21775076911409,
    56.586217403180434,
    64.660652641308843,
    61.587336360651285,
    60.415229867972862,
    55.659680200302986,
    51.788029504896208,
    49.091750834534309,
    48.093658625644196,
    37.656340767525464,
    29.410882339705484,
    26.40075756488817,
    24.698178070456937,
    24.207436873820409,
    24.758836806279895,
    25.80697580112788,
    28.178005607210743,
    30.083217912982647,
    32.015621187164243,
    33.241540277189323,
    37.0,
    42.2965719651132,
    51.419840528729765,
    60.166435825965294,
    60.415229867972862,
    59.405386961116584,
    58.728187440104094,
    54.671747731346578,
    48.548944375753422,
    48.332183894378289,
    47.127486671792717,
    42.7551166528639,
    45.044422518220834,
    45.044422518220834,
    40.607881008493905,
    42.059481689626182,
    41.6293165929973,
    17.4928556845359,
    39.05124837953327,
    37.483329627982627,
    37.20215047547655,
    35.355339059327378,
    35.4682957019364,
    36.138621999185304,
    36.221540552549669
  ],
  [
    35.0,
    37.215588131856791,
    40.26164427839479,
    44.944410108488462,
    51.478150704935004,
    56.612719418872643,
    64.381674411279491,
    67.475921631349351,
    75.471849056452825,
    75.153176912223742,
    66.098411478642959,
    51.788029504896208,
    46.043457732885351,
    44.045431091090478,
    41.593268686170845,
    38.897300677553446,
    28.635642126552707,
    26.076809620810597,
    23.430749027719962,
    23.345235059857504,
    23.600847442411894,
    23.706539182259394,
    25.632011235952593,
    28.861739379323623,
    32.2490309931942,
    36.0,
    40.311288741492746,
    46.324939287601879,
    61.098281481560512,
    68.47627326307996,
    66.610809933523555,
    67.208630398186216,
    62.481997407253232,
    59.363288318623319,
    56.36488268416781,
    54.405882034941776,
    51.788029504896208,
    52.086466572421671,
    47.095647357266465,
    47.675989764240867,
    47.127486671792717,
    44.283179650969061,
    41.340053217188775,
    40.459856648287818,
    37.483329627982627,
    35.805027579936315,
    34.0,
    34.176014981270121,
    33.955853692699293,
    34.23448553724738
  ],
  [
    36.0,
    38.2099463490856,
    42.201895692018383,
    46.238512086787566,
    52.354560450833695,
    58.008620049092706,
    62.968245965724662,
    68.8839603971781,
    80.454956342042721,
    80.529497701152962,
    72.422372233999624,
    53.9351462406472,
    46.043457732885351,
    43.046486500061768,
    42.7551166528639,
    40.80441152620633,
    32.202484376209235,
    26.076809620810597,
    25.612496949731394,
    23.345235059857504,
    23.600847442411894,
    23.706539182259394,
    24.698178070456937,
    27.658633371878661,
    31.256999216175569,
    36.0,
    40.311288741492746,
    47.296934361541872,
    61.098281481560512,
    70.710678118654755,
    69.404610797842537,
    69.354163537598808,
    66.068146636635717,
    60.207972893961475,
    58.600341295934449,
    55.659680200302986,
    54.918120870983927,
    53.084837759947987,
    49.091750834534309,
    49.8196748283246,
    47.127486671792717,
    44.283179650969061,
    41.340053217188775,
    39.05124837953327,
    36.069377593742864,
    34.409301068170507,
    33.120990323358392,
    33.241540277189323,
    32.984845004941285,
    34.23448553724738
  ],
  [
    35.0,
    36.221540552549669,
    40.26164427839479,
    43.08131845707603,
    50.119856344566671,
    55.21775076911409,
    61.554853586049575,
    67.475921631349351,
    78.230428862431779,
    80.529497701152962,
    72.422372233999624,
    52.773099207835045,
    49.091750834534309,
    47.095647357266465,
    42.7551166528639,
    42.059481689626182,
    37.576588456111871,
    29.681644159311659,
    25.612496949731394,
    24.758836806279895,
    23.600847442411894,
    23.706539182259394,
    24.698178070456937,
    25.709920264364882,
    29.154759474226502,
    34.0,
    37.215588131856791,
    43.174066289845804,
    53.488316481265329,
    68.47627326307996,
    70.213958726167832,
    68.622153857191051,
    67.475921631349351,
    63.812224534175265,
    59.506302187247357,
    57.56735185849702,
    54.918120870983927,
    55.081757415681643,
    51.088159097779204,
    50.803543183522152,
    48.383881613611777,
    45.188494110780013,
    41.340053217188775,
    40.459856648287818,
    37.483329627982627,
    35.805027579936315,
    34.0,
    33.241540277189323,
    32.015621187164243,
    33.241540277189323
  ],
  [
    30.0,
    30.14962686336267,
    32.984845004941285,
    36.400549446402593,
    38.470768123342687,
    44.407206622349037,
    49.51767361255979,
    56.080299571239813,
    63.812224534175265,
    75.153176912223742,
    74.632432628181164,
    69.2314957226839,
    53.084837759947987,
    50.089919145472777,
    45.705579528105758,
    42.059481689626182,
    41.6293165929973,
    41.340053217188775,
    36.235341863986875,
    31.144823004794873,
    28.600699292150182,
    26.419689627245813,
    25.632011235952593,
    25.709920264364882,
    26.1725046566048,
    28.0,
    30.14962686336267,
    37.107950630558946,
    41.785164831552358,
    47.885279575251516,
    59.405386961116584,
    65.79513659838392,
    63.253458403473878,
    62.433965115151864,
    59.506302187247357,
    55.659680200302986,
    54.918120870983927,
    51.088159097779204,
    52.086466572421671,
    49.8196748283246,
    49.33558553417604,
    46.518813398452032,
    44.10215414239989,
    40.459856648287818,
    39.6232255123179,
    37.20215047547655,
    34.0,
    32.310988842807021,
    29.832867780352597,
    29.154759474226502
  ],
  [
    31.0,
    30.14962686336267,
    29.832867780352597,
    31.016124838541646,
    31.76476034853718,
    35.805027579936315,
    38.2099463490856,
    45.453272709454048,
    54.378304497290095,
    61.741396161732524,
    75.584389922787622,
    73.16419889536138,
    70.114192571832419,
    63.126856408346519,
    55.901699437494742,
    51.546095875439491,
    48.332183894378289,
    48.548944375753422,
    46.861498055439924,
    42.449970553582247,
    38.013155617496423,
    34.0,
    31.016124838541646,
    28.861739379323623,
    28.160255680657446,
    28.0,
    28.160255680657446,
    30.805843601498726,
    33.241540277189323,
    37.589892258425,
    42.201895692018383,
    48.104053883222775,
    54.671747731346578,
    61.587336360651285,
    65.30696746902278,
    64.195015382816138,
    62.968245965724662,
    61.073725938409879,
    58.077534382926416,
    56.885850613311568,
    54.405882034941776,
    52.801515129776341,
    49.396356140913873,
    48.270073544588683,
    46.690470119715009,
    43.011626335213137,
    41.182520563948,
    39.560080889704963,
    36.138621999185304,
    33.241540277189323
  ],
  [
    32.0,
    31.256999216175569,
    30.805843601498726,
    31.016124838541646,
    33.120990323358392,
    37.20215047547655,
    41.036569057366385,
    45.453272709454048,
    54.378304497290095,
    61.741396161732524,
    76.53757247260981,
    74.330343736592525,
    73.109506905736964,
    63.126856408346519,
    58.051701094799967,
    52.497618993626752,
    49.658836071740545,
    49.396356140913873,
    48.270073544588683,
    41.036569057366385,
    37.20215047547655,
    33.120990323358392,
    30.083217912982647,
    28.861739379323623,
    28.160255680657446,
    28.0,
    29.154759474226502,
    30.805843601498726,
    34.176014981270121,
    38.470768123342687,
    43.011626335213137,
    49.51767361255979,
    54.671747731346578,
    63.812224534175265,
    65.30696746902278,
    64.195015382816138,
    64.132674979295857,
    62.072538211353979,
    58.077534382926416,
    56.885850613311568,
    54.405882034941776,
    52.801515129776341,
    49.396356140913873,
    48.270073544588683,
    46.690470119715009,
    44.407206622349037,
    41.182520563948,
    39.560080889704963,
    36.138621999185304,
    33.241540277189323
  ],
  [
    39.0,
    38.2099463490856,
    38.078865529319543,
    37.336309405188942,
    38.470768123342687,
    39.408120990476064,
    41.036569057366385,
    45.453272709454048,
    54.378304497290095,
    66.2117814289874,
    67.357256476195644,
    67.082039324993687,
    66.121101019266163,
    64.1248781675256,
    60.016664352494629,
    58.821764679410968,
    54.12947441089743,
    42.720018726587654,
    34.058772731852805,
    31.144823004794873,
    29.410882339705484,
    29.5296461204668,
    30.083217912982647,
    30.805843601498726,
    31.256999216175569,
    32.0,
    34.23448553724738,
    37.107950630558946,
    39.560080889704963,
    44.294469180700204,
    48.010415536631214,
    54.488530903301111,
    62.481997407253232,
    63.812224534175265,
    63.976558206893252,
    67.357256476195644,
    61.0,
    56.080299571239813,
    52.086466572421671,
    49.8196748283246,
    46.173585522460783,
    46.518813398452032,
    46.324939287601879,
    44.045431091090478,
    43.863424398922618,
    45.803929962395145,
    45.650848842053307,
    44.011362169330773,
    44.384682042344295,
    41.303752856126764
  ],
  [
    39.0,
    39.319206502675,
    39.05124837953327,
    38.626415831655933,
    39.824615503479755,
    40.80441152620633,
    43.863424398922618,
    46.861498055439924,
    55.758407437802596,
    66.2117814289874,
    64.195015382816138,
    62.968245965724662,
    62.072538211353979,
    60.074953183502359,
    59.033888572581766,
    58.821764679410968,
    44.283179650969061,
    35.510561809129406,
    31.240998703626616,
    30.4138126514911,
    29.410882339705484,
    29.5296461204668,
    30.083217912982647,
    30.805843601498726,
    31.256999216175569,
    33.0,
    35.227829907617071,
    38.078865529319543,
    41.785164831552358,
    45.650848842053307,
    51.61395160225576,
    58.728187440104094,
    62.481997407253232,
    61.587336360651285,
    62.649820430708338,
    62.936475910238251,
    56.885850613311568,
    49.091750834534309,
    48.093658625644196,
    45.705579528105758,
    43.965895873961216,
    44.283179650969061,
    43.56604182158393,
    42.638011210655684,
    43.863424398922618,
    11.401754250991379,
    44.294469180700204,
    44.011362169330773,
    43.174066289845804,
    41.303752856126764
  ],
  [
    40.0,
    40.311288741492746,
    40.26164427839479,
    40.853396431630991,
    41.182520563948,
    43.011626335213137,
    45.276925690687087,
    50.447993022517757,
    57.140178508646613,
    67.119296778199342,
    65.145989899609319,
    62.968245965724662,
    62.072538211353979,
    61.073725938409879,
    59.033888572581766,
    55.659680200302986,
    39.812058474788763,
    33.286633954186478,
    29.832867780352597,
    29.0,
    29.410882339705484,
    29.5296461204668,
    30.083217912982647,
    30.805843601498726,
    32.2490309931942,
    34.0,
    36.221540552549669,
    39.05124837953327,
    43.08131845707603,
    46.529560496527367,
    53.009433122794285,
    60.141499815019579,
    61.073725938409879,
    61.587336360651285,
    63.071388124885914,
    57.56735185849702,
    54.918120870983927,
    48.093658625644196,
    47.095647357266465,
    44.721359549995796,
    43.965895873961216,
    44.283179650969061,
    43.56604182158393,
    42.638011210655684,
    45.276925690687087,
    12.206555615733702,
    45.650848842053307,
    44.944410108488462,
    44.384682042344295,
    41.303752856126764
  ],
  [
    41.0,
    41.303752856126764,
    41.231056256176608,
    43.08131845707603,
    44.294469180700204,
    48.010415536631214,
    52.3450093132096,
    59.665735560705194,
    68.264192663504048,
    65.30696746902278,
    65.145989899609319,
    61.0,
    59.076221950967721,
    57.078892771321343,
    53.9351462406472,
    38.897300677553446,
    30.870698080866262,
    29.681644159311659,
    28.42534080710379,
    28.319604517012593,
    28.600699292150182,
    29.5296461204668,
    31.016124838541646,
    32.015621187164243,
    35.227829907617071,
    38.0,
    42.2965719651132,
    45.354161881794269,
    51.623637996561229,
    59.0592922409336,
    62.201286160335947,
    61.554853586049575,
    62.481997407253232,
    62.433965115151864,
    56.36488268416781,
    49.33558553417604,
    48.836461788299118,
    46.043457732885351,
    45.044422518220834,
    45.705579528105758,
    45.221676218380054,
    42.953463189829058,
    43.56604182158393,
    45.453272709454048,
    46.690470119715009,
    45.803929962395145,
    45.650848842053307,
    43.08131845707603,
    41.231056256176608,
    40.311288741492746
  ],
  [
    40.0,
    40.311288741492746,
    41.231056256176608,
    43.08131845707603,
    44.294469180700204,
    48.010415536631214,
    53.075418038862395,
    61.073725938409879,
    67.4166151627327,
    65.30696746902278,
    64.195015382816138,
    61.0,
    59.076221950967721,
    57.078892771321343,
    48.836461788299118,
    36.687872655688281,
    30.870698080866262,
    29.681644159311659,
    28.42534080710379,
    28.319604517012593,
    28.600699292150182,
    29.5296461204668,
    30.083217912982647,
    32.015621187164243,
    34.23448553724738,
    37.0,
    41.303752856126764,
    45.354161881794269,
    52.55473337388365,
    60.415229867972862,
    62.201286160335947,
    61.554853586049575,
    64.660652641308843,
    60.207972893961475,
    56.36488268416781,
    49.33558553417604,
    47.675989764240867,
    45.044422518220834,
    44.045431091090478,
    44.721359549995796,
    43.965895873961216,
    42.047592083257278,
    43.56604182158393,
    45.453272709454048,
    45.276925690687087,
    44.407206622349037,
    44.294469180700204,
    41.785164831552358,
    41.231056256176608,
    40.311288741492746
  ],
  [
    41.0,
    41.303752856126764,
    42.201895692018383,
    43.08131845707603,
    45.650848842053307,
    49.4064773081425,
    54.488530903301111,
    62.481997407253232,
    67.4166151627327,
    65.30696746902278,
    65.145989899609319,
    61.0,
    58.077534382926416,
    57.078892771321343,
    48.836461788299118,
    35.735136770411273,
    29.546573405388315,
    28.301943396169811,
    28.42534080710379,
    28.319604517012593,
    28.600699292150182,
    29.5296461204668,
    31.016124838541646,
    32.984845004941285,
    35.227829907617071,
    38.0,
    42.2965719651132,
    47.296934361541872,
    55.713553108736477,
    62.649820430708338,
    62.201286160335947,
    62.968245965724662,
    65.299310869258036,
    59.363288318623319,
    54.12947441089743,
    49.33558553417604,
    47.675989764240867,
    45.044422518220834,
    45.044422518220834,
    45.705579528105758,
    43.965895873961216,
    42.047592083257278,
    43.56604182158393,
    45.453272709454048,
    45.276925690687087,
    44.407206622349037,
    44.294469180700204,
    41.785164831552358,
    40.26164427839479,
    40.311288741492746
  ],
  [
    40.0,
    40.311288741492746,
    42.201895692018383,
    44.011362169330773,
    46.529560496527367,
    50.219518117958877,
    55.172456896534889,
    62.481997407253232,
    68.264192663504048,
    66.2117814289874,
    66.098411478642959,
    61.0,
    59.076221950967721,
    57.078892771321343,
    45.705579528105758,
    35.735136770411273,
    29.546573405388315,
    28.301943396169811,
    28.42534080710379,
    27.586228448267445,
    28.600699292150182,
    29.5296461204668,
    31.016124838541646,
    32.015621187164243,
    35.227829907617071,
    38.0,
    42.2965719651132,
    47.296934361541872,
    55.713553108736477,
    63.529520697074361,
    63.007936008093459,
    64.381674411279491,
    67.475921631349351,
    59.363288318623319,
    55.036351623268054,
    49.33558553417604,
    48.836461788299118,
    45.044422518220834,
    45.044422518220834,
    45.705579528105758,
    45.221676218380054,
    41.6293165929973,
    44.10215414239989,
    45.453272709454048,
    46.690470119715009,
    44.407206622349037,
    43.416586692184822,
    40.853396431630991,
    40.26164427839479,
    40.311288741492746
  ],
  [
    40.0,
    40.311288741492746,
    41.231056256176608,
    41.785164831552358,
    43.416586692184822,
    46.61544808322666,
    50.24937810560445,
    58.258046654518033,
    65.192024052026483,
    68.4470598345904,
    66.098411478642959,
    65.115282384398824,
    63.126856408346519,
    61.073725938409879,
    60.016664352494629,
    43.011626335213137,
    32.202484376209235,
    30.528675044947494,
    29.832867780352597,
    30.4138126514911,
    29.410882339705484,
    30.4138126514911,
    31.016124838541646,
    32.984845004941285,
    34.23448553724738,
    37.0,
    40.311288741492746,
    44.384682042344295,
    50.328918128646478,
    59.0592922409336,
    64.404968752418469,
    64.381674411279491,
    64.660652641308843,
    67.4166151627327,
    58.600341295934449,
    53.450912059571067,
    48.836461788299118,
    48.093658625644196,
    46.043457732885351,
    44.721359549995796,
    45.221676218380054,
    45.188494110780013,
    42.720018726587654,
    45.453272709454048,
    46.690470119715009,
    46.61544808322666,
    13.416407864998739,
    44.011362169330773,
    42.201895692018383,
    40.311288741492746
  ],
  [
    41.0,
    40.311288741492746,
    41.231056256176608,
    41.785164831552358,
    44.294469180700204,
    46.61544808322666,
    50.24937810560445,
    58.258046654518033,
    65.192024052026483,
    68.4470598345904,
    67.357256476195644,
    66.098411478642959,
    63.126856408346519,
    61.073725938409879,
    60.016664352494629,
    42.059481689626182,
    32.202484376209235,
    30.528675044947494,
    29.832867780352597,
    30.4138126514911,
    29.410882339705484,
    30.4138126514911,
    31.016124838541646,
    32.984845004941285,
    34.23448553724738,
    37.0,
    40.311288741492746,
    44.384682042344295,
    50.328918128646478,
    59.0592922409336,
    64.404968752418469,
    62.968245965724662,
    64.660652641308843,
    67.4166151627327,
    58.600341295934449,
    53.450912059571067,
    48.836461788299118,
    48.093658625644196,
    46.043457732885351,
    43.737855457258078,
    45.221676218380054,
    44.283179650969061,
    42.720018726587654,
    45.453272709454048,
    46.690470119715009,
    46.61544808322666,
    12.529964086141668,
    44.011362169330773,
    42.201895692018383,
    41.303752856126764
  ],
  [
    40.0,
    40.311288741492746,
    40.26164427839479,
    40.853396431630991,
    43.416586692184822,
    45.803929962395145,
    48.104053883222775,
    53.2634959423431,
    61.587336360651285,
    69.354163537598808,
    67.357256476195644,
    67.082039324993687,
    64.1248781675256,
    63.126856408346519,
    61.98386886924694,
    48.383881613611777,
    37.576588456111871,
    31.906112267087632,
    29.832867780352597,
    29.0,
    28.600699292150182,
    29.5296461204668,
    29.154759474226502,
    30.805843601498726,
    32.2490309931942,
    34.0,
    36.221540552549669,
    40.26164427839479,
    44.011362169330773,
    52.354560450833695,
    60.21627686929839,
    64.381674411279491,
    63.253458403473878,
    65.192024052026483,
    66.2117814289874,
    58.821764679410968,
    50.803543183522152,
    49.091750834534309,
    48.093658625644196,
    43.737855457258078,
    45.221676218380054,
    46.518813398452032,
    44.10215414239989,
    42.638011210655684,
    45.276925690687087,
    45.803929962395145,
    45.650848842053307,
    44.944410108488462,
    43.174066289845804,
    41.303752856126764
  ],
  [
    39.0,
    39.319206502675,
    40.26164427839479,
    40.853396431630991,
    43.416586692184822,
    46.61544808322666,
    50.24937810560445,
    58.258046654518033,
    67.4166151627327,
    66.2117814289874,
    66.098411478642959,
    62.968245965724662,
    60.074953183502359,
    58.077534382926416,
    56.885850613311568,
    38.897300677553446,
    32.202484376209235,
    28.301943396169811,
    27.018512172212592,
    26.1725046566048,
    27.202941017470888,
    26.419689627245813,
    27.856776554368238,
    28.861739379323623,
    31.256999216175569,
    34.0,
    36.221540552549669,
    41.231056256176608,
    47.169905660283021,
    55.470712993434653,
    63.007936008093459,
    62.241465278381739,
    62.481997407253232,
    62.433965115151864,
    58.600341295934449,
    50.289163842720633,
    50.803543183522152,
    49.091750834534309,
    47.095647357266465,
    47.675989764240867,
    46.173585522460783,
    42.047592083257278,
    44.10215414239989,
    45.453272709454048,
    45.276925690687087,
    43.011626335213137,
    43.416586692184822,
    40.853396431630991,
    40.26164427839479,
    39.319206502675
  ],
  [
    39.0,
    39.319206502675,
    39.05124837953327,
    40.853396431630991,
    43.416586692184822,
    45.803929962395145,
    50.24937810560445,
    58.258046654518033,
    67.4166151627327,
    65.30696746902278,
    65.145989899609319,
    61.0,
    59.076221950967721,
    57.078892771321343,
    55.901699437494742,
    38.897300677553446,
    32.202484376209235,
    29.681644159311659,
    27.018512172212592,
    26.1725046566048,
    27.202941017470888,
    27.294688127912362,
    27.856776554368238,
    29.832867780352597,
    31.256999216175569,
    34.0,
    37.215588131856791,
    42.201895692018383,
    48.466483264210538,
    56.824290580701486,
    62.201286160335947,
    61.554853586049575,
    62.481997407253232,
    61.587336360651285,
    56.36488268416781,
    50.289163842720633,
    49.8196748283246,
    48.093658625644196,
    46.043457732885351,
    46.690470119715009,
    45.221676218380054,
    41.6293165929973,
    43.56604182158393,
    44.045431091090478,
    43.863424398922618,
    42.201895692018383,
    43.416586692184822,
    40.853396431630991,
    39.05124837953327,
    38.2099463490856
  ]
]