[
  [
    51.0,
    52.3450093132096,
    52.630789467763066,
    52.55473337388365,
    54.589376255824725,
    56.612719418872643,
    59.413803110051795,
    54.671747731346578,
    49.396356140913873,
    45.188494110780013,
    43.965895873961216,
    42.7551166528639,
    43.046486500061768,
    43.046486500061768,
    43.737855457258078,
    45.221676218380054,
    46.518813398452032,
    44.10215414239989,
    42.638011210655684,
    42.449970553582247,
    44.407206622349037,
    47.885279575251516,
    52.55473337388365,
    58.694122363316758,
    61.400325732035007,
    65.0,
    70.455659815234142,
    32.015621187164243,
    31.016124838541646,
    29.5296461204668,
    30.805843601498726,
    33.97057550292606,
    39.05124837953327,
    13.038404810405298,
    18.788294228055936,
    53.450912059571067,
    50.803543183522152,
    47.095647357266465,
    49.091750834534309,
    49.8196748283246,
    46.173585522460783,
    45.188494110780013,
    49.396356140913873,
    15.620499351813308,
    14.142135623730951,
    49.4064773081425,
    53.712196007983138,
    53.488316481265329,
    52.630789467763066,
    51.35172830587107
  ]]