[
  100.0,
  104.80935072788114,
  113.50770898930169,
  122.56018929489298,
  120.83045973594572,
  98.812954616285,
  84.172442046075858,
  75.286120898874842,
  68.264192663504048,
  63.976558206893252,
  60.728905802755904,
  59.033888572581766,
  58.077534382926416,
  58.077534382926416,
  59.033888572581766,
  60.728905802755904,
  63.976558206893252,
  68.264192663504048,
  75.286120898874842,
  84.172442046075858,
  98.812954616285,
  120.83045973594572,
  120.33287165193059,
  115.44695751729449,
  112.8716084761797,
  112.0,
  104.80935072788114,
  97.015462685079228,
  92.477024173575131,
  85.475142585432408,
  82.419657849326214,
  81.344944526380985,
  75.286120898874842,
  68.264192663504048,
  67.119296778199342,
  67.357256476195644,
  69.2314957226839,
  74.108029254595621,
  75.1065909225016,
  76.2954782408499,
  80.956778592036386,
  80.529497701152962,
  87.664131775772461,
  95.900990610107883,
  93.380940239430018,
  90.210864090751286,
  91.301697684106614,
  92.477024173575131,
  96.046863561492728,
  97.739449558507332
]